Inserción,NumElementos
0,0
1,0
2,0
3,0
4,0
5,0
6,1
7,1
8,1
9,0
10,1
11,0
12,2
13,2
14,0
15,0
16,0
17,0
18,1
19,0
20,0
21,0
22,0
23,2
24,1
25,3
26,0
27,1
28,0
29,1
30,4
31,1
32,0
33,2
34,0
35,1
36,1
37,2
38,1
39,1
40,0
41,2
42,5
43,1
44,1
45,3
46,0
47,3
48,3
49,3
50,1
51,4
52,2
53,0
54,0
55,0
56,1
57,1
58,2
59,4
60,3
61,1
62,2
63,1
64,4
65,4
66,1
67,6
68,0
69,3
70,2
71,2
72,4
73,3
74,3
75,3
76,2
77,5
78,1
79,4
80,4
81,7
82,5
83,1
84,5
85,2
86,2
87,5
88,5
89,5
90,3
91,4
92,2
93,8
94,3
95,6
96,2
97,6
98,5
99,4
100,2
101,7
102,3
103,3
104,8
105,5
106,1
107,2
108,2
109,2
110,5
111,0
112,6
113,3
114,4
115,3
116,4
117,9
118,10
119,1
120,6
121,3
122,2
123,2
124,11
125,2
126,6
127,7
128,3
129,2
130,6
131,5
132,7
133,6
134,4
135,8
136,5
137,4
138,3
139,6
140,7
141,1
142,0
143,7
144,7
145,5
146,3
147,6
148,8
149,4
150,9
151,7
152,3
153,3
154,4
155,8
156,12
157,4
158,9
159,5
160,7
161,10
162,13
163,9
164,4
165,5
166,2
167,3
168,10
169,11
170,6
171,5
172,8
173,11
174,12
175,13
176,4
177,5
178,10
179,11
180,7
181,6
182,8
183,8
184,4
185,6
186,3
187,1
188,9
189,6
190,7
191,10
192,12
193,12
194,13
195,14
196,0
197,5
198,8
199,9
200,9
201,7
202,4
203,13
204,8
205,5
206,6
207,14
208,15
209,14
210,10
211,7
212,6
213,11
214,4
215,16
216,11
217,2
218,14
219,17
220,8
221,5
222,4
223,15
224,15
225,10
226,12
227,7
228,18
229,19
230,16
231,9
232,9
233,9
234,16
235,17
236,4
237,18
238,10
239,8
240,19
241,5
242,8
243,2
244,3
245,9
246,8
247,11
248,1
249,10
250,6
251,15
252,13
253,10
254,9
255,16
256,20
257,5
258,5
259,20
260,10
261,6
262,9
263,14
264,5
265,6
266,12
267,7
268,7
269,11
270,11
271,21
272,8
273,17
274,6
275,12
276,6
277,7
278,7
279,22
280,10
281,23
282,24
283,12
284,25
285,7
286,21
287,6
288,2
289,26
290,7
291,7
292,9
293,27
294,15
295,8
296,0
297,22
298,12
299,16
300,8
301,13
302,13
303,8
304,28
305,14
306,18
307,29
308,3
309,11
310,11
311,12
312,9
313,23
314,13
315,15
316,3
317,13
318,17
319,9
320,14
321,8
322,10
323,17
324,10
325,16
326,19
327,18
328,30
329,15
330,24
331,9
332,11
333,8
334,12
335,14
336,15
337,10
338,11
339,11
340,3
341,9
342,12
343,4
344,19
345,25
346,18
347,26
348,31
349,32
350,20
351,13
352,4
353,12
354,33
355,16
356,10
357,14
358,4
359,12
360,15
361,6
362,9
363,16
364,10
365,4
366,16
367,14
368,9
369,10
370,8
371,20
372,17
373,11
374,19
375,11
376,27
377,5
378,10
379,9
380,5
381,28
382,21
383,18
384,22
385,13
386,29
387,6
388,13
389,34
390,19
391,14
392,30
393,17
394,6
395,20
396,10
397,15
398,18
399,5
400,7
401,6
402,35
403,8
404,21
405,19
406,7
407,9
408,23
409,36
410,14
411,21
412,7
413,15
414,8
415,11
416,31
417,11
418,7
419,17
420,13
421,22
422,32
423,10
424,10
425,18
426,22
427,15
428,12
429,24
430,16
431,13
432,37
433,14
434,1
435,19
436,16
437,20
438,12
439,15
440,21
441,38
442,16
443,11
444,22
445,23
446,24
447,20
448,14
449,17
450,23
451,12
452,25
453,9
454,17
455,10
456,12
457,33
458,13
459,26
460,14
461,24
462,17
463,18
464,19
465,25
466,8
467,21
468,6
469,18
470,19
471,9
472,11
473,34
474,17
475,12
476,11
477,11
478,8
479,39
480,18
481,27
482,19
483,13
484,20
485,9
486,40
487,41
488,10
489,5
490,25
491,14
492,13
493,20
494,15
495,42
496,21
497,12
498,12
499,28
500,20
501,11
502,22
503,11
504,43
505,15
506,13
507,13
508,20
509,15
510,23
511,26
512,29
513,30
514,26
515,14
516,21
517,12
518,22
519,31
520,15
521,21
522,32
523,2
524,13
525,13
526,22
527,16
528,22
529,12
530,21
531,14
532,23
533,44
534,24
535,6
536,33
537,34
538,14
539,16
540,10
541,17
542,7
543,16
544,12
545,23
546,15
547,11
548,35
549,18
550,35
551,45
552,36
553,37
554,13
555,16
556,22
557,14
558,46
559,23
560,16
561,12
562,15
563,36
564,19
565,27
566,17
567,8
568,38
569,13
570,27
571,18
572,39
573,25
574,14
575,1
576,18
577,13
578,47
579,16
580,40
581,28
582,37
583,17
584,38
585,2
586,48
587,7
588,41
589,9
590,26
591,14
592,17
593,49
594,23
595,42
596,43
597,44
598,10
599,7
600,18
601,14
602,19
603,24
604,16
605,45
606,27
607,50
608,39
609,46
610,25
611,47
612,24
613,48
614,49
615,15
616,24
617,19
618,15
619,20
620,17
621,50
622,51
623,24
624,3
625,51
626,28
627,52
628,23
629,19
630,26
631,14
632,40
633,16
634,28
635,17
636,29
637,15
638,18
639,4
640,13
641,53
642,41
643,25
644,16
645,25
646,18
647,24
648,25
649,15
650,15
651,54
652,16
653,11
654,16
655,21
656,25
657,26
658,17
659,17
660,8
661,42
662,55
663,19
664,26
665,43
666,20
667,20
668,20
669,52
670,20
671,53
672,21
673,12
674,18
675,21
676,56
677,21
678,30
679,57
680,27
681,17
682,58
683,18
684,17
685,18
686,54
687,22
688,17
689,19
690,55
691,19
692,29
693,29
694,44
695,22
696,20
697,9
698,30
699,56
700,26
701,45
702,30
703,23
704,27
705,20
706,31
707,14
708,13
709,18
710,18
711,46
712,23
713,15
714,19
715,16
716,57
717,58
718,28
719,31
720,22
721,14
722,15
723,21
724,20
725,18
726,47
727,22
728,27
729,19
730,20
731,22
732,26
733,24
734,17
735,59
736,32
737,60
738,24
739,27
740,59
741,25
742,21
743,31
744,22
745,10
746,23
747,61
748,60
749,61
750,32
751,33
752,23
753,26
754,28
755,29
756,27
757,24
758,32
759,19
760,24
761,62
762,21
763,29
764,28
765,21
766,34
767,28
768,30
769,31
770,18
771,33
772,48
773,49
774,21
775,35
776,29
777,16
778,28
779,62
780,23
781,19
782,19
783,27
784,34
785,25
786,20
787,63
788,28
789,8
790,29
791,22
792,20
793,25
794,25
795,26
796,30
797,63
798,21
799,27
800,64
801,65
802,22
803,35
804,32
805,24
806,29
807,17
808,66
809,50
810,30
811,25
812,20
813,30
814,11
815,28
816,31
817,26
818,33
819,34
820,32
821,29
822,67
823,64
824,23
825,30
826,68
827,30
828,21
829,69
830,65
831,31
832,70
833,26
834,71
835,22
836,12
837,24
838,51
839,31
840,27
841,32
842,27
843,23
844,26
845,36
846,33
847,28
848,23
849,31
850,21
851,31
852,34
853,52
854,18
855,27
856,66
857,36
858,24
859,67
860,22
861,68
862,25
863,35
864,23
865,32
866,53
867,54
868,72
869,22
870,55
871,3
872,36
873,73
874,24
875,32
876,33
877,29
878,28
879,32
880,35
881,33
882,37
883,34
884,37
885,16
886,69
887,56
888,33
889,29
890,24
891,33
892,30
893,25
894,30
895,70
896,71
897,23
898,33
899,57
900,74
901,58
902,19
903,35
904,20
905,75
906,76
907,59
908,23
909,36
910,22
911,34
912,34
913,72
914,35
915,38
916,35
917,24
918,26
919,36
920,13
921,73
922,31
923,34
924,38
925,77
926,29
927,74
928,25
929,39
930,30
931,39
932,25
933,28
934,14
935,37
936,37
937,32
938,24
939,19
940,25
941,36
942,75
943,23
944,37
945,60
946,78
947,40
948,38
949,76
950,61
951,41
952,25
953,34
954,35
955,17
956,18
957,15
958,77
959,78
960,37
961,38
962,62
963,79
964,31
965,42
966,35
967,80
968,26
969,33
970,38
971,27
972,32
973,29
974,26
975,39
976,34
977,24
978,40
979,20
980,81
981,63
982,36
983,27
984,36
985,38
986,33
987,82
988,79
989,37
990,43
991,39
992,30
993,40
994,19
995,80
996,36
997,38
998,16
999,40
1000,27
1001,41
1002,31
1003,83
1004,34
1005,64
1006,31
1007,35
1008,9
1009,28
1010,81
1011,32
1012,29
1013,28
1014,35
1015,41
1016,33
1017,30
1018,32
1019,28
1020,36
1021,26
1022,34
1023,84
1024,44
1025,39
1026,37
1027,33
1028,25
1029,41
1030,36
1031,29
1032,82
1033,37
1034,20
1035,34
1036,83
1037,84
1038,39
1039,38
1040,42
1041,27
1042,5
1043,39
1044,42
1045,21
1046,22
1047,35
1048,45
1049,26
1050,37
1051,46
1052,40
1053,38
1054,40
1055,21
1056,21
1057,26
1058,40
1059,28
1060,22
1061,85
1062,85
1063,36
1064,86
1065,86
1066,27
1067,29
1068,26
1069,6
1070,65
1071,35
1072,66
1073,23
1074,87
1075,67
1076,88
1077,39
1078,28
1079,43
1080,7
1081,30
1082,22
1083,23
1084,68
1085,37
1086,40
1087,38
1088,41
1089,31
1090,29
1091,44
1092,69
1093,42
1094,70
1095,32
1096,45
1097,47
1098,89
1099,43
1100,90
1101,87
1102,43
1103,27
1104,41
1105,88
1106,71
1107,24
1108,30
1109,72
1110,17
1111,41
1112,33
1113,89
1114,42
1115,28
1116,25
1117,10
1118,39
1119,73
1120,27
1121,23
1122,44
1123,42
1124,44
1125,24
1126,46
1127,41
1128,34
1129,37
1130,90
1131,48
1132,74
1133,24
1134,47
1135,45
1136,31
1137,25
1138,49
1139,43
1140,91
1141,38
1142,42
1143,38
1144,42
1145,43
1146,45
1147,32
1148,29
1149,31
1150,44
1151,43
1152,39
1153,32
1154,40
1155,48
1156,41
1157,39
1158,36
1159,92
1160,40
1161,40
1162,33
1163,91
1164,44
1165,41
1166,11
1167,26
1168,50
1169,41
1170,34
1171,39
1172,46
1173,45
1174,30
1175,46
1176,35
1177,46
1178,47
1179,43
1180,35
1181,47
1182,36
1183,37
1184,48
1185,33
1186,26
1187,18
1188,44
1189,40
1190,27
1191,25
1192,49
1193,28
1194,44
1195,27
1196,50
1197,38
1198,93
1199,39
1200,45
1201,75
1202,76
1203,77
1204,94
1205,42
1206,31
1207,42
1208,95
1209,41
1210,47
1211,45
1212,43
1213,46
1214,28
1215,48
1216,19
1217,92
1218,78
1219,93
1220,30
1221,79
1222,51
1223,36
1224,44
1225,32
1226,46
1227,43
1228,37
1229,38
1230,94
1231,42
1232,29
1233,44
1234,43
1235,44
1236,45
1237,96
1238,33
1239,37
1240,45
1241,48
1242,95
1243,30
1244,49
1245,46
1246,31
1247,34
1248,47
1249,49
1250,47
1251,39
1252,35
1253,50
1254,97
1255,49
1256,38
1257,47
1258,45
1259,29
1260,30
1261,46
1262,4
1263,51
1264,98
1265,99
1266,96
1267,26
1268,40
1269,50
1270,29
1271,5
1272,27
1273,100
1274,40
1275,52
1276,97
1277,41
1278,31
1279,48
1280,49
1281,51
1282,42
1283,51
1284,45
1285,52
1286,32
1287,48
1288,52
1289,32
1290,33
1291,31
1292,98
1293,43
1294,53
1295,80
1296,41
1297,47
1298,53
1299,20
1300,48
1301,53
1302,49
1303,99
1304,33
1305,28
1306,34
1307,54
1308,34
1309,35
1310,101
1311,36
1312,54
1313,28
1314,50
1315,48
1316,30
1317,29
1318,52
1319,81
1320,82
1321,49
1322,55
1323,51
1324,102
1325,34
1326,52
1327,55
1328,103
1329,104
1330,53
1331,56
1332,36
1333,46
1334,50
1335,42
1336,50
1337,42
1338,105
1339,100
1340,49
1341,43
1342,51
1343,31
1344,106
1345,57
1346,44
1347,47
1348,54
1349,35
1350,35
1351,101
1352,53
1353,55
1354,107
1355,58
1356,108
1357,54
1358,102
1359,56
1360,56
1361,83
1362,50
1363,30
1364,54
1365,55
1366,46
1367,51
1368,109
1369,59
1370,110
1371,55
1372,56
1373,111
1374,84
1375,56
1376,39
1377,32
1378,44
1379,36
1380,85
1381,32
1382,40
1383,52
1384,45
1385,60
1386,103
1387,37
1388,112
1389,52
1390,86
1391,37
1392,61
1393,36
1394,37
1395,53
1396,29
1397,31
1398,50
1399,51
1400,53
1401,48
1402,104
1403,43
1404,57
1405,37
1406,57
1407,58
1408,62
1409,63
1410,45
1411,87
1412,64
1413,38
1414,49
1415,58
1416,33
1417,44
1418,21
1419,54
1420,55
1421,51
1422,30
1423,38
1424,46
1425,113
1426,105
1427,47
1428,59
1429,34
1430,65
1431,47
1432,60
1433,114
1434,38
1435,39
1436,35
1437,22
1438,61
1439,106
1440,88
1441,41
1442,36
1443,59
1444,107
1445,52
1446,42
1447,57
1448,54
1449,52
1450,38
1451,45
1452,43
1453,53
1454,62
1455,63
1456,48
1457,115
1458,116
1459,55
1460,39
1461,31
1462,56
1463,49
1464,50
1465,23
1466,46
1467,57
1468,58
1469,53
1470,47
1471,48
1472,39
1473,66
1474,67
1475,57
1476,108
1477,44
1478,117
1479,56
1480,60
1481,32
1482,89
1483,109
1484,50
1485,118
1486,58
1487,54
1488,45
1489,39
1490,59
1491,33
1492,37
1493,38
1494,119
1495,58
1496,54
1497,55
1498,46
1499,47
1500,90
1501,59
1502,56
1503,91
1504,64
1505,39
1506,40
1507,120
1508,48
1509,49
1510,57
1511,55
1512,24
1513,56
1514,40
1515,65
1516,25
1517,61
1518,121
1519,48
1520,46
1521,57
1522,92
1523,68
1524,62
1525,93
1526,51
1527,122
1528,110
1529,49
1530,60
1531,61
1532,66
1533,58
1534,111
1535,60
1536,112
1537,94
1538,41
1539,40
1540,50
1541,40
1542,123
1543,69
1544,95
1545,51
1546,113
1547,61
1548,49
1549,57
1550,96
1551,41
1552,97
1553,50
1554,52
1555,124
1556,51
1557,52
1558,114
1559,67
1560,59
1561,51
1562,63
1563,52
1564,125
1565,126
1566,41
1567,42
1568,47
1569,62
1570,127
1571,128
1572,68
1573,129
1574,64
1575,53
1576,65
1577,130
1578,12
1579,34
1580,115
1581,70
1582,53
1583,60
1584,63
1585,40
1586,131
1587,132
1588,62
1589,52
1590,98
1591,133
1592,48
1593,69
1594,26
1595,41
1596,70
1597,116
1598,35
1599,63
1600,53
1601,43
1602,42
1603,117
1604,71
1605,53
1606,134
1607,118
1608,50
1609,36
1610,54
1611,71
1612,99
1613,64
1614,37
1615,65
1616,27
1617,119
1618,120
1619,135
1620,100
1621,54
1622,54
1623,42
1624,42
1625,136
1626,28
1627,43
1628,49
1629,32
1630,72
1631,61
1632,73
1633,62
1634,44
1635,64
1636,6
1637,51
1638,55
1639,44
1640,45
1641,43
1642,59
1643,45
1644,137
1645,46
1646,101
1647,54
1648,121
1649,138
1650,38
1651,66
1652,29
1653,102
1654,72
1655,73
1656,60
1657,61
1658,122
1659,66
1660,55
1661,74
1662,56
1663,33
1664,103
1665,41
1666,43
1667,123
1668,44
1669,33
1670,75
1671,67
1672,34
1673,67
1674,76
1675,77
1676,65
1677,62
1678,44
1679,55
1680,57
1681,50
1682,55
1683,124
1684,45
1685,42
1686,58
1687,78
1688,125
1689,7
1690,104
1691,63
1692,63
1693,51
1694,47
1695,34
1696,79
1697,48
1698,74
1699,46
1700,58
1701,139
1702,56
1703,68
1704,57
1705,52
1706,43
1707,58
1708,47
1709,140
1710,53
1711,66
1712,80
1713,59
1714,64
1715,58
1716,75
1717,65
1718,105
1719,59
1720,39
1721,45
1722,106
1723,35
1724,60
1725,81
1726,46
1727,61
1728,76
1729,46
1730,82
1731,49
1732,107
1733,59
1734,126
1735,66
1736,36
1737,60
1738,47
1739,35
1740,64
1741,60
1742,56
1743,141
1744,54
1745,30
1746,40
1747,65
1748,142
1749,143
1750,31
1751,56
1752,127
1753,144
1754,145
1755,52
1756,66
1757,69
1758,48
1759,61
1760,77
1761,83
1762,128
1763,53
1764,67
1765,50
1766,49
1767,70
1768,108
1769,146
1770,61
1771,44
1772,109
1773,129
1774,32
1775,62
1776,57
1777,71
1778,68
1779,50
1780,72
1781,36
1782,110
1783,130
1784,147
1785,148
1786,73
1787,37
1788,51
1789,37
1790,149
1791,58
1792,111
1793,41
1794,33
1795,84
1796,59
1797,150
1798,151
1799,13
1800,54
1801,69
1802,152
1803,67
1804,52
1805,85
1806,131
1807,53
1808,67
1809,68
1810,55
1811,68
1812,47
1813,78
1814,132
1815,153
1816,74
1817,68
1818,60
1819,54
1820,79
1821,56
1822,69
1823,42
1824,48
1825,57
1826,86
1827,112
1828,43
1829,70
1830,71
1831,58
1832,61
1833,133
1834,44
1835,34
1836,154
1837,45
1838,62
1839,59
1840,57
1841,87
1842,80
1843,72
1844,113
1845,69
1846,75
1847,114
1848,81
1849,63
1850,155
1851,55
1852,63
1853,115
1854,116
1855,69
1856,82
1857,117
1858,70
1859,156
1860,71
1861,38
1862,59
1863,134
1864,70
1865,118
1866,157
1867,38
1868,119
1869,83
1870,8
1871,135
1872,62
1873,56
1874,60
1875,73
1876,136
1877,61
1878,137
1879,39
1880,40
1881,120
1882,49
1883,41
1884,50
1885,58
1886,121
1887,62
1888,39
1889,45
1890,122
1891,74
1892,48
1893,75
1894,57
1895,40
1896,158
1897,64
1898,63
1899,138
1900,88
1901,159
1902,160
1903,62
1904,64
1905,59
1906,63
1907,65
1908,161
1909,84
1910,49
1911,162
1912,139
1913,35
1914,60
1915,89
1916,163
1917,123
1918,55
1919,65
1920,60
1921,124
1922,76
1923,77
1924,61
1925,125
1926,63
1927,78
1928,79
1929,64
1930,80
1931,64
1932,36
1933,61
1934,76
1935,81
1936,66
1937,71
1938,72
1939,70
1940,82
1941,90
1942,46
1943,65
1944,47
1945,50
1946,62
1947,41
1948,140
1949,51
1950,141
1951,64
1952,65
1953,73
1954,164
1955,52
1956,142
1957,48
1958,66
1959,53
1960,91
1961,77
1962,126
1963,71
1964,46
1965,165
1966,72
1967,66
1968,54
1969,51
1970,67
1971,56
1972,67
1973,68
1974,127
1975,128
1976,74
1977,85
1978,83
1979,143
1980,72
1981,166
1982,42
1983,58
1984,129
1985,130
1986,55
1987,42
1988,62
1989,52
1990,86
1991,59
1992,144
1993,67
1994,167
1995,65
1996,66
1997,145
1998,131
1999,37
2000,146
2001,168
2002,92
2003,84
2004,63
2005,85
2006,43
2007,169
2008,73
2009,86
2010,64
2011,57
2012,87
2013,88
2014,58
2015,44
2016,74
2017,75
2018,60
2019,59
2020,69
2021,60
2022,49
2023,89
2024,66
2025,38
2026,75
2027,51
2028,67
2029,68
2030,68
2031,67
2032,68
2033,76
2034,43
2035,87
2036,170
2037,88
2038,69
2039,90
2040,68
2041,52
2042,70
2043,91
2044,171
2045,92
2046,76
2047,65
2048,63
2049,70
2050,78
2051,69
2052,71
2053,132
2054,93
2055,64
2056,70
2057,66
2058,147
2059,148
2060,172
2061,93
2062,71
2063,50
2064,53
2065,45
2066,72
2067,53
2068,67
2069,46
2070,68
2071,149
2072,72
2073,65
2074,73
2075,173
2076,39
2077,69
2078,69
2079,150
2080,79
2081,54
2082,94
2083,61
2084,80
2085,70
2086,151
2087,61
2088,81
2089,133
2090,73
2091,134
2092,71
2093,135
2094,152
2095,89
2096,82
2097,47
2098,90
2099,136
2100,153
2101,174
2102,137
2103,51
2104,62
2105,91
2106,70
2107,83
2108,63
2109,138
2110,47
2111,48
2112,74
2113,66
2114,69
2115,95
2116,75
2117,94
2118,175
2119,74
2120,56
2121,176
2122,92
2123,64
2124,93
2125,48
2126,84
2127,73
2128,65
2129,77
2130,55
2131,44
2132,71
2133,71
2134,72
2135,72
2136,85
2137,72
2138,177
2139,66
2140,73
2141,73
2142,67
2143,154
2144,139
2145,78
2146,79
2147,94
2148,74
2149,178
2150,49
2151,95
2152,179
2153,140
2154,76
2155,54
2156,74
2157,80
2158,96
2159,95
2160,73
2161,52
2162,74
2163,96
2164,56
2165,49
2166,180
2167,75
2168,76
2169,67
2170,97
2171,86
2172,53
2173,77
2174,81
2175,57
2176,87
2177,141
2178,181
2179,142
2180,54
2181,57
2182,75
2183,50
2184,70
2185,75
2186,55
2187,182
2188,82
2189,155
2190,40
2191,96
2192,58
2193,183
2194,76
2195,78
2196,55
2197,156
2198,97
2199,98
2200,77
2201,41
2202,75
2203,77
2204,68
2205,88
2206,78
2207,74
2208,79
2209,79
2210,77
2211,143
2212,89
2213,51
2214,59
2215,98
2216,75
2217,60
2218,56
2219,61
2220,144
2221,145
2222,78
2223,157
2224,158
2225,45
2226,76
2227,68
2228,146
2229,80
2230,99
2231,69
2232,81
2233,56
2234,184
2235,97
2236,77
2237,83
2238,82
2239,57
2240,58
2241,62
2242,59
2243,159
2244,90
2245,58
2246,60
2247,78
2248,76
2249,99
2250,63
2251,71
2252,61
2253,83
2254,78
2255,79
2256,62
2257,50
2258,160
2259,79
2260,64
2261,84
2262,161
2263,65
2264,85
2265,91
2266,59
2267,86
2268,92
2269,80
2270,93
2271,185
2272,81
2273,72
2274,80
2275,84
2276,82
2277,76
2278,57
2279,51
2280,80
2281,81
2282,60
2283,52
2284,69
2285,85
2286,186
2287,83
2288,98
2289,46
2290,52
2291,82
2292,79
2293,62
2294,187
2295,66
2296,99
2297,94
2298,147
2299,87
2300,42
2301,73
2302,63
2303,67
2304,148
2305,64
2306,58
2307,149
2308,80
2309,61
2310,86
2311,87
2312,53
2313,83
2314,43
2315,62
2316,100
2317,100
2318,84
2319,74
2320,68
2321,188
2322,100
2323,95
2324,96
2325,88
2326,85
2327,75
2328,44
2329,84
2330,150
2331,63
2332,63
2333,81
2334,88
2335,81
2336,70
2337,85
2338,70
2339,162
2340,89
2341,76
2342,77
2343,82
2344,71
2345,72
2346,163
2347,71
2348,64
2349,86
2350,87
2351,73
2352,101
2353,151
2354,74
2355,88
2356,65
2357,189
2358,90
2359,152
2360,97
2361,54
2362,86
2363,89
2364,8
2365,87
2366,101
2367,164
2368,90
2369,82
2370,190
2371,165
2372,91
2373,66
2374,98
2375,67
2376,77
2377,53
2378,153
2379,83
2380,68
2381,45
2382,191
2383,102
2384,92
2385,47
2386,103
2387,75
2388,93
2389,166
2390,9
2391,69
2392,70
2393,71
2394,65
2395,94
2396,48
2397,69
2398,192
2399,84
2400,193
2401,70
2402,77
2403,55
2404,14
2405,89
2406,66
2407,88
2408,101
2409,95
2410,102
2411,102
2412,56
2413,67
2414,154
2415,68
2416,69
2417,78
2418,155
2419,72
2420,54
2421,78
2422,73
2423,83
2424,89
2425,103
2426,79
2427,194
2428,84
2429,91
2430,70
2431,79
2432,92
2433,195
2434,15
2435,196
2436,80
2437,49
2438,167
2439,64
2440,197
2441,93
2442,99
2443,80
2444,76
2445,77
2446,78
2447,156
2448,50
2449,198
2450,59
2451,103
2452,157
2453,74
2454,158
2455,159
2456,51
2457,72
2458,96
2459,199
2460,79
2461,85
2462,86
2463,71
2464,9
2465,97
2466,98
2467,90
2468,160
2469,87
2470,168
2471,161
2472,169
2473,104
2474,200
2475,201
2476,52
2477,57
2478,162
2479,80
2480,85
2481,105
2482,65
2483,90
2484,60
2485,94
2486,91
2487,99
2488,72
2489,202
2490,170
2491,58
2492,203
2493,10
2494,16
2495,66
2496,81
2497,171
2498,11
2499,172
2500,104
2501,105
2502,163
2503,164
2504,81
2505,88
2506,73
2507,95
2508,59
2509,82
2510,91
2511,96
2512,100
2513,165
2514,83
2515,92
2516,106
2517,12
2518,204
2519,46
2520,100
2521,173
2522,101
2523,84
2524,81
2525,89
2526,71
2527,97
2528,75
2529,166
2530,106
2531,73
2532,167
2533,102
2534,53
2535,174
2536,107
2537,107
2538,205
2539,108
2540,206
2541,104
2542,105
2543,72
2544,61
2545,60
2546,101
2547,108
2548,61
2549,85
2550,168
2551,86
2552,207
2553,208
2554,87
2555,86
2556,175
2557,54
2558,10
2559,106
2560,55
2561,90
2562,76
2563,209
2564,78
2565,109
2566,110
2567,82
2568,92
2569,11
2570,176
2571,107
2572,56
2573,79
2574,87
2575,80
2576,93
2577,93
2578,111
2579,77
2580,62
2581,83
2582,103
2583,102
2584,108
2585,67
2586,169
2587,98
2588,84
2589,177
2590,103
2591,210
2592,63
2593,73
2594,74
2595,104
2596,82
2597,74
2598,211
2599,94
2600,85
2601,212
2602,213
2603,12
2604,75
2605,81
2606,78
2607,86
2608,170
2609,82
2610,88
2611,91
2612,104
2613,92
2614,83
2615,89
2616,112
2617,75
2618,83
2619,109
2620,55
2621,214
2622,95
2623,74
2624,171
2625,84
2626,113
2627,64
2628,90
2629,76
2630,99
2631,105
2632,56
2633,100
2634,77
2635,215
2636,106
2637,172
2638,62
2639,107
2640,63
2641,68
2642,65
2643,93
2644,87
2645,114
2646,47
2647,48
2648,64
2649,178
2650,216
2651,173
2652,84
2653,109
2654,88
2655,79
2656,13
2657,174
2658,108
2659,105
2660,78
2661,76
2662,175
2663,106
2664,115
2665,217
2666,101
2667,179
2668,110
2669,180
2670,75
2671,76
2672,91
2673,109
2674,57
2675,85
2676,85
2677,77
2678,176
2679,94
2680,17
2681,65
2682,111
2683,110
2684,86
2685,78
2686,79
2687,112
2688,181
2689,182
2690,218
2691,183
2692,86
2693,177
2694,89
2695,184
2696,113
2697,185
2698,116
2699,111
2700,66
2701,107
2702,178
2703,90
2704,87
2705,80
2706,81
2707,77
2708,87
2709,49
2710,110
2711,219
2712,67
2713,114
2714,88
2715,89
2716,220
2717,91
2718,179
2719,94
2720,115
2721,95
2722,69
2723,108
2724,68
2725,221
2726,69
2727,79
2728,82
2729,70
2730,186
2731,66
2732,116
2733,83
2734,117
2735,109
2736,70
2737,80
2738,180
2739,58
2740,222
2741,59
2742,71
2743,78
2744,223
2745,60
2746,88
2747,224
2748,225
2749,84
2750,95
2751,110
2752,187
2753,79
2754,96
2755,226
2756,67
2757,118
2758,80
2759,68
2760,96
2761,97
2762,227
2763,71
2764,81
2765,57
2766,89
2767,96
2768,97
2769,111
2770,102
2771,117
2772,61
2773,62
2774,118
2775,81
2776,188
2777,189
2778,181
2779,112
2780,113
2781,82
2782,83
2783,63
2784,190
2785,119
2786,50
2787,98
2788,99
2789,112
2790,120
2791,58
2792,191
2793,72
2794,90
2795,119
2796,98
2797,69
2798,182
2799,97
2800,80
2801,111
2802,192
2803,72
2804,81
2805,82
2806,228
2807,100
2808,99
2809,103
2810,85
2811,120
2812,112
2813,73
2814,59
2815,193
2816,183
2817,74
2818,75
2819,60
2820,76
2821,86
2822,104
2823,101
2824,184
2825,114
2826,121
2827,121
2828,98
2829,113
2830,87
2831,185
2832,229
2833,92
2834,88
2835,122
2836,89
2837,186
2838,230
2839,113
2840,122
2841,88
2842,194
2843,89
2844,114
2845,90
2846,114
2847,231
2848,105
2849,64
2850,90
2851,115
2852,115
2853,82
2854,70
2855,116
2856,115
2857,100
2858,116
2859,117
2860,117
2861,123
2862,91
2863,84
2864,232
2865,187
2866,101
2867,90
2868,188
2869,93
2870,118
2871,106
2872,233
2873,83
2874,85
2875,195
2876,102
2877,124
2878,51
2879,119
2880,120
2881,99
2882,118
2883,107
2884,123
2885,92
2886,234
2887,235
2888,125
2889,91
2890,196
2891,119
2892,77
2893,86
2894,236
2895,92
2896,197
2897,13
2898,116
2899,14
2900,103
2901,15
2902,94
2903,52
2904,237
2905,102
2906,73
2907,120
2908,92
2909,83
2910,93
2911,121
2912,104
2913,65
2914,100
2915,95
2916,78
2917,105
2918,74
2919,124
2920,91
2921,238
2922,96
2923,239
2924,84
2925,121
2926,75
2927,103
2928,92
2929,16
2930,106
2931,71
2932,104
2933,105
2934,122
2935,108
2936,189
2937,190
2938,91
2939,125
2940,93
2941,123
2942,122
2943,53
2944,101
2945,107
2946,191
2947,94
2948,97
2949,123
2950,192
2951,240
2952,95
2953,193
2954,194
2955,195
2956,241
2957,96
2958,79
2959,242
2960,85
2961,92
2962,97
2963,124
2964,98
2965,93
2966,198
2967,94
2968,93
2969,106
2970,102
2971,95
2972,243
2973,117
2974,107
2975,199
2976,108
2977,109
2978,84
2979,103
2980,244
2981,196
2982,197
2983,86
2984,54
2985,198
2986,99
2987,109
2988,98
2989,96
2990,94
2991,100
2992,110
2993,80
2994,93
2995,87
2996,111
2997,17
2998,245
2999,199
3000,126
3001,126
3002,108
3003,110
3004,125
3005,200
3006,88
3007,87
3008,111
3009,97
3010,112
3011,201
3012,202
3013,72
3014,18
3015,99
3016,113
3017,95
3018,112
3019,124
3020,246
3021,247
3022,18
3023,114
3024,127
3025,118
3026,125
3027,94
3028,98
3029,81
3030,203
3031,55
3032,95
3033,82
3034,66
3035,126
3036,200
3037,126
3038,128
3039,73
3040,96
3041,100
3042,104
3043,83
3044,96
3045,113
3046,204
3047,105
3048,127
3049,109
3050,205
3051,110
3052,88
3053,97
3054,85
3055,99
3056,248
3057,67
3058,98
3059,94
3060,127
3061,101
3062,89
3063,56
3064,61
3065,127
3066,249
3067,128
3068,19
3069,89
3070,119
3071,57
3072,206
3073,106
3074,107
3075,97
3076,98
3077,99
3078,100
3079,68
3080,201
3081,129
3082,108
3083,95
3084,96
3085,101
3086,102
3087,130
3088,90
3089,90
3090,91
3091,101
3092,202
3093,84
3094,58
3095,99
3096,59
3097,109
3098,131
3099,102
3100,203
3101,128
3102,92
3103,129
3104,120
3105,207
3106,208
3107,102
3108,100
3109,121
3110,20
3111,204
3112,250
3113,251
3114,103
3115,104
3116,60
3117,61
3118,129
3119,252
3120,85
3121,74
3122,209
3123,103
3124,130
3125,205
3126,100
3127,253
3128,75
3129,93
3130,206
3131,210
3132,211
3133,76
3134,105
3135,62
3136,122
3137,254
3138,77
3139,128
3140,78
3141,131
3142,115
3143,111
3144,86
3145,123
3146,104
3147,62
3148,91
3149,112
3150,124
3151,105
3152,212
3153,69
3154,255
3155,86
3156,130
3157,213
3158,132
3159,256
3160,106
3161,214
3162,215
3163,207
3164,208
3165,106
3166,116
3167,125
3168,216
3169,257
3170,131
3171,70
3172,209
3173,92
3174,93
3175,210
3176,19
3177,71
3178,258
3179,101
3180,107
3181,76
3182,211
3183,129
3184,63
3185,97
3186,108
3187,101
3188,94
3189,113
3190,72
3191,114
3192,109
3193,63
3194,98
3195,217
3196,102
3197,107
3198,87
3199,108
3200,88
3201,94
3202,218
3203,130
3204,102
3205,115
3206,212
3207,213
3208,132
3209,110
3210,133
3211,110
3212,73
3213,214
3214,116
3215,219
3216,95
3217,64
3218,99
3219,215
3220,132
3221,111
3222,259
3223,95
3224,96
3225,114
3226,77
3227,89
3228,87
3229,103
3230,96
3231,74
3232,97
3233,117
3234,78
3235,220
3236,100
3237,97
3238,115
3239,133
3240,88
3241,117
3242,75
3243,98
3244,260
3245,131
3246,118
3247,261
3248,76
3249,79
3250,134
3251,134
3252,133
3253,126
3254,98
3255,79
3256,111
3257,99
3258,112
3259,216
3260,65
3261,113
3262,66
3263,118
3264,217
3265,134
3266,104
3267,132
3268,221
3269,262
3270,116
3271,67
3272,103
3273,222
3274,80
3275,135
3276,218
3277,117
3278,114
3279,81
3280,119
3281,223
3282,219
3283,224
3284,68
3285,105
3286,77
3287,14
3288,100
3289,78
3290,220
3291,106
3292,127
3293,128
3294,118
3295,135
3296,263
3297,82
3298,225
3299,136
3300,101
3301,137
3302,115
3303,83
3304,89
3305,119
3306,136
3307,112
3308,120
3309,109
3310,120
3311,90
3312,121
3313,102
3314,91
3315,79
3316,264
3317,133
3318,104
3319,80
3320,134
3321,15
3322,226
3323,101
3324,90
3325,137
3326,105
3327,221
3328,135
3329,265
3330,227
3331,138
3332,222
3333,129
3334,113
3335,99
3336,102
3337,130
3338,92
3339,69
3340,103
3341,136
3342,104
3343,228
3344,91
3345,100
3346,135
3347,93
3348,122
3349,92
3350,223
3351,116
3352,139
3353,114
3354,107
3355,224
3356,225
3357,117
3358,140
3359,266
3360,121
3361,267
3362,115
3363,226
3364,70
3365,141
3366,105
3367,84
3368,106
3369,103
3370,229
3371,268
3372,123
3373,137
3374,108
3375,142
3376,81
3377,93
3378,269
3379,116
3380,230
3381,80
3382,131
3383,82
3384,64
3385,122
3386,227
3387,106
3388,228
3389,132
3390,136
3391,138
3392,231
3393,229
3394,138
3395,101
3396,230
3397,139
3398,133
3399,16
3400,232
3401,109
3402,231
3403,137
3404,232
3405,134
3406,110
3407,138
3408,140
3409,270
3410,233
3411,234
3412,104
3413,111
3414,103
3415,139
3416,107
3417,107
3418,108
3419,94
3420,139
3421,109
3422,119
3423,123
3424,124
3425,17
3426,141
3427,271
3428,108
3429,142
3430,135
3431,83
3432,140
3433,235
3434,21
3435,120
3436,102
3437,272
3438,103
3439,104
3440,105
3441,125
3442,104
3443,110
3444,141
3445,136
3446,111
3447,142
3448,236
3449,137
3450,237
3451,81
3452,65
3453,126
3454,121
3455,143
3456,127
3457,22
3458,110
3459,143
3460,109
3461,273
3462,128
3463,84
3464,144
3465,82
3466,129
3467,274
3468,238
3469,112
3470,71
3471,72
3472,105
3473,83
3474,239
3475,143
3476,124
3477,275
3478,106
3479,240
3480,85
3481,145
3482,117
3483,85
3484,66
3485,140
3486,144
3487,84
3488,111
3489,241
3490,144
3491,67
3492,146
3493,145
3494,233
3495,73
3496,234
3497,147
3498,113
3499,94
3500,148
3501,235
3502,95
3503,236
3504,95
3505,86
3506,112
3507,237
3508,74
3509,68
3510,130
3511,146
3512,113
3513,114
3514,105
3515,86
3516,118
3517,276
3518,107
3519,114
3520,131
3521,118
3522,106
3523,132
3524,69
3525,115
3526,125
3527,242
3528,238
3529,239
3530,240
3531,119
3532,149
3533,96
3534,138
3535,116
3536,139
3537,115
3538,110
3539,145
3540,111
3541,150
3542,146
3543,241
3544,112
3545,116
3546,112
3547,97
3548,113
3549,85
3550,98
3551,151
3552,122
3553,277
3554,119
3555,113
3556,140
3557,114
3558,120
3559,115
3560,117
3561,133
3562,152
3563,96
3564,123
3565,70
3566,120
3567,23
3568,147
3569,153
3570,243
3571,117
3572,118
3573,121
3574,122
3575,141
3576,244
3577,142
3578,87
3579,106
3580,147
3581,75
3582,88
3583,123
3584,141
3585,76
3586,142
3587,126
3588,118
3589,116
3590,154
3591,245
3592,278
3593,143
3594,279
3595,242
3596,243
3597,155
3598,144
3599,148
3600,143
3601,124
3602,280
3603,117
3604,244
3605,148
3606,245
3607,119
3608,124
3609,134
3610,127
3611,149
3612,135
3613,136
3614,246
3615,89
3616,119
3617,246
3618,107
3619,108
3620,109
3621,156
3622,149
3623,108
3624,125
3625,247
3626,86
3627,248
3628,281
3629,120
3630,97
3631,249
3632,87
3633,128
3634,90
3635,87
3636,121
3637,125
3638,137
3639,107
3640,110
3641,118
3642,282
3643,247
3644,111
3645,109
3646,122
3647,123
3648,110
3649,138
3650,283
3651,284
3652,88
3653,124
3654,126
3655,285
3656,286
3657,120
3658,112
3659,98
3660,99
3661,287
3662,108
3663,250
3664,89
3665,251
3666,252
3667,129
3668,125
3669,145
3670,150
3671,126
3672,121
3673,127
3674,139
3675,128
3676,90
3677,77
3678,130
3679,288
3680,248
3681,249
3682,250
3683,140
3684,88
3685,131
3686,132
3687,157
3688,99
3689,144
3690,91
3691,146
3692,147
3693,141
3694,20
3695,91
3696,251
3697,253
3698,92
3699,121
3700,109
3701,111
3702,145
3703,142
3704,146
3705,110
3706,150
3707,71
3708,92
3709,126
3710,254
3711,252
3712,147
3713,113
3714,122
3715,114
3716,100
3717,127
3718,128
3719,253
3720,151
3721,289
3722,115
3723,158
3724,133
3725,93
3726,254
3727,122
3728,89
3729,152
3730,290
3731,143
3732,255
3733,111
3734,255
3735,153
3736,148
3737,127
3738,144
3739,148
3740,116
3741,134
3742,256
3743,123
3744,145
3745,291
3746,146
3747,124
3748,78
3749,123
3750,24
3751,256
3752,128
3753,119
3754,257
3755,135
3756,149
3757,129
3758,292
3759,101
3760,258
3761,102
3762,90
3763,129
3764,112
3765,130
3766,159
3767,112
3768,293
3769,154
3770,113
3771,294
3772,129
3773,100
3774,124
3775,91
3776,125
3777,126
3778,136
3779,131
3780,113
3781,257
3782,150
3783,149
3784,125
3785,259
3786,132
3787,101
3788,18
3789,127
3790,150
3791,151
3792,117
3793,260
3794,295
3795,79
3796,114
3797,151
3798,94
3799,80
3800,114
3801,152
3802,147
3803,258
3804,151
3805,148
3806,128
3807,261
3808,137
3809,102
3810,259
3811,153
3812,115
3813,296
3814,95
3815,260
3816,152
3817,130
3818,93
3819,154
3820,130
3821,129
3822,126
3823,131
3824,96
3825,297
3826,133
3827,298
3828,261
3829,131
3830,115
3831,262
3832,120
3833,127
3834,21
3835,130
3836,92
3837,134
3838,103
3839,262
3840,132
3841,121
3842,299
3843,300
3844,149
3845,160
3846,128
3847,129
3848,161
3849,263
3850,130
3851,116
3852,104
3853,105
3854,301
3855,135
3856,122
3857,114
3858,131
3859,93
3860,302
3861,155
3862,106
3863,97
3864,303
3865,103
3866,152
3867,153
3868,131
3869,104
3870,117
3871,155
3872,138
3873,105
3874,132
3875,118
3876,123
3877,156
3878,153
3879,162
3880,263
3881,264
3882,264
3883,265
3884,154
3885,106
3886,133
3887,133
3888,265
3889,150
3890,134
3891,25
3892,266
3893,266
3894,156
3895,157
3896,81
3897,82
3898,107
3899,19
3900,304
3901,136
3902,94
3903,139
3904,154
3905,72
3906,132
3907,133
3908,155
3909,267
3910,163
3911,119
3912,134
3913,118
3914,268
3915,305
3916,119
3917,135
3918,269
3919,306
3920,270
3921,155
3922,116
3923,137
3924,156
3925,98
3926,156
3927,151
3928,157
3929,83
3930,135
3931,152
3932,267
3933,120
3934,120
3935,164
3936,134
3937,138
3938,20
3939,117
3940,271
3941,268
3942,158
3943,158
3944,107
3945,159
3946,140
3947,153
3948,121
3949,141
3950,99
3951,136
3952,159
3953,122
3954,165
3955,94
3956,272
3957,307
3958,115
3959,160
3960,160
3961,269
3962,123
3963,308
3964,161
3965,121
3966,124
3967,162
3968,95
3969,157
3970,135
3971,154
3972,309
3973,273
3974,124
3975,108
3976,125
3977,139
3978,161
3979,116
3980,274
3981,122
3982,140
3983,26
3984,137
3985,270
3986,109
3987,138
3988,139
3989,271
3990,117
3991,275
3992,158
3993,100
3994,155
3995,95
3996,276
3997,21
3998,272
3999,108
4000,157
4001,156
4002,158
4003,162
4004,141
4005,273
4006,310
4007,157
4008,73
4009,118
4010,109
4011,123
4012,311
4013,159
4014,110
4015,142
4016,132
4017,277
4018,158
4019,118
4020,119
4021,84
4022,22
4023,101
4024,278
4025,312
4026,274
4027,125
4028,160
4029,110
4030,161
4031,133
4032,119
4033,159
4034,140
4035,279
4036,275
4037,96
4038,23
4039,111
4040,163
4041,112
4042,85
4043,136
4044,163
4045,102
4046,126
4047,313
4048,143
4049,144
4050,160
4051,120
4052,142
4053,126
4054,280
4055,74
4056,143
4057,103
4058,166
4059,144
4060,314
4061,124
4062,159
4063,22
4064,136
4065,276
4066,145
4067,277
4068,160
4069,145
4070,113
4071,164
4072,127
4073,146
4074,164
4075,134
4076,165
4077,278
4078,315
4079,281
4080,165
4081,128
4082,137
4083,141
4084,282
4085,146
4086,138
4087,279
4088,167
4089,280
4090,104
4091,281
4092,147
4093,166
4094,105
4095,139
4096,282
4097,137
4098,167
4099,161
4100,121
4101,283
4102,283
4103,140
4104,127
4105,161
4106,284
4107,316
4108,168
4109,148
4110,106
4111,122
4112,114
4113,147
4114,138
4115,141
4116,107
4117,162
4118,284
4119,162
4120,24
4121,162
4122,285
4123,169
4124,135
4125,286
4126,287
4127,170
4128,163
4129,285
4130,163
4131,317
4132,149
4133,125
4134,286
4135,287
4136,129
4137,163
4138,148
4139,166
4140,86
4141,142
4142,171
4143,136
4144,126
4145,288
4146,128
4147,164
4148,167
4149,149
4150,288
4151,108
4152,123
4153,289
4154,172
4155,168
4156,139
4157,150
4158,165
4159,168
4160,289
4161,96
4162,290
4163,290
4164,130
4165,150
4166,27
4167,151
4168,140
4169,137
4170,152
4171,291
4172,292
4173,173
4174,151
4175,169
4176,293
4177,164
4178,165
4179,174
4180,153
4181,170
4182,142
4183,109
4184,75
4185,141
4186,120
4187,124
4188,138
4189,131
4190,164
4191,165
4192,110
4193,132
4194,97
4195,294
4196,166
4197,318
4198,139
4199,291
4200,167
4201,98
4202,154
4203,168
4204,140
4205,133
4206,166
4207,175
4208,319
4209,155
4210,320
4211,134
4212,152
4213,111
4214,143
4215,112
4216,321
4217,156
4218,295
4219,121
4220,111
4221,76
4222,166
4223,97
4224,167
4225,99
4226,127
4227,176
4228,169
4229,177
4230,112
4231,125
4232,128
4233,296
4234,153
4235,98
4236,100
4237,178
4238,167
4239,113
4240,169
4241,135
4242,297
4243,179
4244,322
4245,101
4246,77
4247,168
4248,180
4249,115
4250,292
4251,113
4252,136
4253,116
4254,102
4255,117
4256,126
4257,129
4258,157
4259,181
4260,158
4261,118
4262,298
4263,144
4264,129
4265,169
4266,323
4267,170
4268,114
4269,171
4270,170
4271,127
4272,25
4273,159
4274,145
4275,171
4276,324
4277,172
4278,293
4279,143
4280,160
4281,87
4282,299
4283,168
4284,78
4285,141
4286,130
4287,146
4288,170
4289,137
4290,300
4291,301
4292,144
4293,114
4294,130
4295,88
4296,122
4297,182
4298,103
4299,115
4300,183
4301,161
4302,162
4303,142
4304,142
4305,23
4306,131
4307,184
4308,143
4309,132
4310,302
4311,294
4312,163
4313,295
4314,296
4315,173
4316,144
4317,174
4318,297
4319,164
4320,185
4321,145
4322,186
4323,138
4324,298
4325,131
4326,303
4327,171
4328,116
4329,119
4330,165
4331,128
4332,99
4333,172
4334,299
4335,104
4336,120
4337,304
4338,171
4339,175
4340,176
4341,79
4342,169
4343,115
4344,177
4345,173
4346,105
4347,117
4348,187
4349,145
4350,118
4351,121
4352,300
4353,122
4354,305
4355,301
4356,166
4357,306
4358,172
4359,106
4360,302
4361,139
4362,89
4363,147
4364,80
4365,307
4366,146
4367,132
4368,123
4369,107
4370,325
4371,174
4372,175
4373,308
4374,116
4375,148
4376,303
4377,149
4378,326
4379,309
4380,146
4381,327
4382,328
4383,178
4384,176
4385,173
4386,177
4387,170
4388,133
4389,178
4390,171
4391,154
4392,172
4393,119
4394,140
4395,123
4396,188
4397,174
4398,129
4399,147
4400,130
4401,120
4402,81
4403,304
4404,310
4405,131
4406,150
4407,179
4408,147
4409,305
4410,306
4411,108
4412,124
4413,189
4414,132
4415,329
4416,151
4417,148
4418,307
4419,308
4420,179
4421,309
4422,133
4423,310
4424,311
4425,152
4426,190
4427,121
4428,143
4429,149
4430,144
4431,180
4432,141
4433,311
4434,122
4435,312
4436,148
4437,26
4438,153
4439,154
4440,149
4441,124
4442,109
4443,82
4444,313
4445,330
4446,314
4447,155
4448,156
4449,134
4450,135
4451,191
4452,117
4453,173
4454,123
4455,136
4456,167
4457,157
4458,172
4459,150
4460,175
4461,142
4462,315
4463,151
4464,134
4465,312
4466,331
4467,145
4468,133
4469,155
4470,316
4471,174
4472,134
4473,135
4474,90
4475,136
4476,137
4477,91
4478,135
4479,125
4480,118
4481,125
4482,313
4483,175
4484,143
4485,83
4486,314
4487,146
4488,84
4489,110
4490,176
4491,138
4492,111
4493,126
4494,144
4495,315
4496,136
4497,176
4498,147
4499,127
4500,100
4501,145
4502,158
4503,332
4504,316
4505,159
4506,173
4507,150
4508,146
4509,333
4510,180
4511,174
4512,126
4513,127
4514,168
4515,24
4516,334
4517,112
4518,148
4519,128
4520,160
4521,124
4522,125
4523,139
4524,335
4525,192
4526,193
4527,317
4528,317
4529,318
4530,175
4531,119
4532,149
4533,318
4534,319
4535,128
4536,140
4537,319
4538,150
4539,320
4540,129
4541,101
4542,92
4543,176
4544,126
4545,137
4546,321
4547,320
4548,113
4549,102
4550,161
4551,147
4552,177
4553,177
4554,148
4555,181
4556,182
4557,194
4558,321
4559,156
4560,149
4561,150
4562,25
4563,129
4564,178
4565,141
4566,127
4567,322
4568,151
4569,177
4570,138
4571,130
4572,322
4573,151
4574,178
4575,323
4576,152
4577,181
4578,162
4579,151
4580,120
4581,85
4582,324
4583,152
4584,323
4585,152
4586,179
4587,139
4588,130
4589,131
4590,324
4591,325
4592,140
4593,336
4594,178
4595,337
4596,131
4597,153
4598,141
4599,169
4600,153
4601,179
4602,152
4603,183
4604,338
4605,325
4606,180
4607,153
4608,142
4609,181
4610,170
4611,154
4612,86
4613,137
4614,142
4615,153
4616,132
4617,182
4618,184
4619,133
4620,179
4621,339
4622,326
4623,134
4624,138
4625,182
4626,154
4627,93
4628,128
4629,327
4630,143
4631,157
4632,195
4633,196
4634,103
4635,132
4636,104
4637,183
4638,171
4639,26
4640,114
4641,133
4642,163
4643,139
4644,129
4645,144
4646,197
4647,185
4648,198
4649,328
4650,115
4651,155
4652,340
4653,155
4654,121
4655,122
4656,180
4657,154
4658,326
4659,341
4660,156
4661,135
4662,145
4663,183
4664,105
4665,199
4666,184
4667,155
4668,158
4669,156
4670,164
4671,27
4672,327
4673,329
4674,200
4675,156
4676,330
4677,165
4678,28
4679,328
4680,329
4681,342
4682,157
4683,181
4684,166
4685,94
4686,186
4687,158
4688,140
4689,180
4690,157
4691,185
4692,87
4693,159
4694,167
4695,182
4696,187
4697,146
4698,158
4699,106
4700,331
4701,159
4702,330
4703,172
4704,331
4705,160
4706,173
4707,136
4708,183
4709,332
4710,181
4711,343
4712,333
4713,147
4714,28
4715,130
4716,159
4717,168
4718,334
4719,123
4720,182
4721,131
4722,132
4723,188
4724,335
4725,336
4726,186
4727,88
4728,89
4729,337
4730,133
4731,189
4732,184
4733,143
4734,332
4735,148
4736,90
4737,134
4738,160
4739,157
4740,160
4741,161
4742,338
4743,183
4744,124
4745,184
4746,162
4747,169
4748,333
4749,149
4750,161
4751,339
4752,344
4753,184
4754,190
4755,91
4756,158
4757,191
4758,134
4759,334
4760,185
4761,185
4762,345
4763,186
4764,340
4765,159
4766,135
4767,186
4768,160
4769,27
4770,192
4771,174
4772,341
4773,170
4774,335
4775,187
4776,175
4777,342
4778,343
4779,162
4780,29
4781,193
4782,144
4783,154
4784,163
4785,161
4786,164
4787,336
4788,344
4789,136
4790,188
4791,194
4792,187
4793,176
4794,163
4795,125
4796,95
4797,171
4798,337
4799,141
4800,135
4801,126
4802,188
4803,162
4804,346
4805,116
4806,30
4807,142
4808,345
4809,189
4810,338
4811,346
4812,195
4813,347
4814,165
4815,177
4816,348
4817,347
4818,161
4819,349
4820,92
4821,190
4822,178
4823,187
4824,172
4825,191
4826,155
4827,350
4828,351
4829,188
4830,156
4831,127
4832,173
4833,145
4834,137
4835,179
4836,150
4837,348
4838,146
4839,180
4840,147
4841,352
4842,136
4843,96
4844,196
4845,201
4846,339
4847,349
4848,192
4849,350
4850,174
4851,193
4852,93
4853,148
4854,164
4855,137
4856,181
4857,137
4858,189
4859,182
4860,149
4861,197
4862,340
4863,194
4864,202
4865,351
4866,117
4867,353
4868,143
4869,162
4870,163
4871,354
4872,355
4873,198
4874,352
4875,164
4876,138
4877,97
4878,183
4879,94
4880,190
4881,163
4882,139
4883,140
4884,341
4885,138
4886,151
4887,166
4888,167
4889,353
4890,150
4891,118
4892,164
4893,342
4894,152
4895,95
4896,107
4897,175
4898,96
4899,119
4900,165
4901,98
4902,128
4903,99
4904,108
4905,129
4906,199
4907,191
4908,120
4909,356
4910,100
4911,139
4912,203
4913,157
4914,343
4915,138
4916,165
4917,344
4918,345
4919,184
4920,97
4921,200
4922,204
4923,151
4924,346
4925,166
4926,195
4927,192
4928,158
4929,201
4930,152
4931,347
4932,159
4933,205
4934,168
4935,357
4936,202
4937,196
4938,166
4939,358
4940,206
4941,169
4942,185
4943,101
4944,197
4945,193
4946,121
4947,194
4948,122
4949,170
4950,195
4951,203
4952,160
4953,204
4954,144
4955,359
4956,139
4957,130
4958,123
4959,124
4960,354
4961,102
4962,165
4963,140
4964,125
4965,153
4966,140
4967,185
4968,205
4969,186
4970,360
4971,176
4972,28
4973,153
4974,167
4975,31
4976,196
4977,166
4978,198
4979,355
4980,348
4981,167
4982,131
4983,167
4984,154
4985,141
4986,29
4987,109
4988,356
4989,357
4990,141
4991,349
4992,171
4993,189
4994,98
4995,197
4996,361
4997,142
4998,168
4999,206
5000,198
5001,362
5002,168
5003,126
5004,363
5005,187
5006,186
5007,169
5008,187
5009,132
5010,350
5011,207
5012,207
5013,358
5014,168
5015,103
5016,169
5017,170
5018,170
5019,199
5020,143
5021,29
5022,359
5023,161
5024,360
5025,171
5026,141
5027,172
5028,162
5029,364
5030,172
5031,173
5032,99
5033,142
5034,30
5035,155
5036,190
5037,208
5038,171
5039,169
5040,351
5041,133
5042,170
5043,199
5044,200
5045,361
5046,143
5047,362
5048,208
5049,174
5050,365
5051,175
5052,134
5053,363
5054,100
5055,209
5056,177
5057,352
5058,142
5059,364
5060,366
5061,188
5062,163
5063,353
5064,164
5065,171
5066,354
5067,367
5068,200
5069,201
5070,135
5071,191
5072,202
5073,365
5074,172
5075,173
5076,144
5077,143
5078,368
5079,209
5080,156
5081,104
5082,110
5083,366
5084,165
5085,166
5086,367
5087,127
5088,173
5089,176
5090,174
5091,144
5092,111
5093,172
5094,203
5095,136
5096,369
5097,368
5098,355
5099,201
5100,188
5101,31
5102,204
5103,189
5104,370
5105,178
5106,154
5107,112
5108,210
5109,155
5110,202
5111,179
5112,167
5113,371
5114,180
5115,101
5116,369
5117,173
5118,105
5119,372
5120,192
5121,356
5122,145
5123,357
5124,370
5125,189
5126,358
5127,157
5128,146
5129,168
5130,210
5131,190
5132,156
5133,371
5134,203
5135,158
5136,191
5137,106
5138,137
5139,175
5140,169
5141,193
5142,204
5143,359
5144,181
5145,138
5146,176
5147,170
5148,147
5149,360
5150,145
5151,148
5152,177
5153,372
5154,107
5155,139
5156,145
5157,113
5158,171
5159,159
5160,211
5161,32
5162,194
5163,182
5164,114
5165,102
5166,361
5167,174
5168,205
5169,362
5170,157
5171,373
5172,192
5173,172
5174,115
5175,144
5176,158
5177,128
5178,374
5179,30
5180,373
5181,140
5182,177
5183,103
5184,374
5185,104
5186,105
5187,190
5188,363
5189,178
5190,116
5191,173
5192,375
5193,375
5194,175
5195,179
5196,145
5197,174
5198,193
5199,191
5200,376
5201,141
5202,212
5203,377
5204,376
5205,377
5206,176
5207,378
5208,192
5209,206
5210,379
5211,205
5212,174
5213,206
5214,175
5215,159
5216,176
5217,175
5218,378
5219,183
5220,211
5221,177
5222,194
5223,379
5224,176
5225,146
5226,364
5227,207
5228,212
5229,365
5230,149
5231,177
5232,160
5233,213
5234,195
5235,380
5236,117
5237,366
5238,184
5239,185
5240,207
5241,195
5242,142
5243,161
5244,150
5245,367
5246,380
5247,160
5248,214
5249,147
5250,381
5251,178
5252,208
5253,368
5254,179
5255,143
5256,382
5257,193
5258,32
5259,196
5260,369
5261,209
5262,370
5263,178
5264,213
5265,161
5266,186
5267,381
5268,210
5269,382
5270,383
5271,148
5272,215
5273,216
5274,211
5275,177
5276,162
5277,178
5278,384
5279,180
5280,146
5281,371
5282,385
5283,163
5284,178
5285,146
5286,179
5287,386
5288,387
5289,187
5290,164
5291,179
5292,383
5293,181
5294,162
5295,151
5296,108
5297,388
5298,144
5299,147
5300,180
5301,188
5302,148
5303,384
5304,180
5305,129
5306,217
5307,147
5308,212
5309,194
5310,145
5311,181
5312,165
5313,179
5314,109
5315,385
5316,213
5317,166
5318,196
5319,180
5320,181
5321,181
5322,389
5323,163
5324,372
5325,152
5326,214
5327,182
5328,373
5329,153
5330,164
5331,148
5332,182
5333,154
5334,374
5335,149
5336,218
5337,106
5338,219
5339,150
5340,390
5341,167
5342,149
5343,130
5344,375
5345,151
5346,155
5347,182
5348,386
5349,150
5350,168
5351,208
5352,214
5353,183
5354,197
5355,118
5356,387
5357,195
5358,391
5359,392
5360,198
5361,388
5362,156
5363,151
5364,209
5365,393
5366,33
5367,183
5368,107
5369,389
5370,189
5371,376
5372,377
5373,119
5374,131
5375,215
5376,180
5377,149
5378,215
5379,150
5380,132
5381,120
5382,197
5383,378
5384,183
5385,199
5386,394
5387,390
5388,169
5389,181
5390,210
5391,133
5392,165
5393,379
5394,182
5395,395
5396,152
5397,396
5398,198
5399,220
5400,170
5401,190
5402,153
5403,380
5404,397
5405,154
5406,110
5407,221
5408,199
5409,134
5410,182
5411,398
5412,211
5413,121
5414,200
5415,391
5416,392
5417,191
5418,183
5419,399
5420,171
5421,381
5422,152
5423,393
5424,184
5425,146
5426,157
5427,135
5428,184
5429,196
5430,216
5431,155
5432,136
5433,400
5434,382
5435,153
5436,154
5437,201
5438,108
5439,184
5440,158
5441,147
5442,212
5443,155
5444,172
5445,173
5446,185
5447,185
5448,394
5449,197
5450,186
5451,401
5452,156
5453,198
5454,383
5455,148
5456,33
5457,174
5458,122
5459,151
5460,109
5461,213
5462,192
5463,159
5464,110
5465,187
5466,216
5467,123
5468,395
5469,217
5470,149
5471,137
5472,214
5473,218
5474,152
5475,396
5476,217
5477,384
5478,166
5479,188
5480,199
5481,215
5482,183
5483,189
5484,219
5485,153
5486,160
5487,216
5488,184
5489,402
5490,397
5491,186
5492,111
5493,222
5494,200
5495,138
5496,185
5497,111
5498,161
5499,190
5500,223
5501,162
5502,403
5503,184
5504,385
5505,404
5506,386
5507,112
5508,387
5509,31
5510,124
5511,193
5512,220
5513,217
5514,405
5515,112
5516,406
5517,388
5518,191
5519,201
5520,192
5521,175
5522,185
5523,389
5524,218
5525,186
5526,407
5527,390
5528,219
5529,202
5530,220
5531,391
5532,398
5533,221
5534,200
5535,392
5536,150
5537,203
5538,176
5539,222
5540,167
5541,393
5542,156
5543,201
5544,194
5545,399
5546,157
5547,218
5548,151
5549,139
5550,394
5551,221
5552,202
5553,203
5554,158
5555,408
5556,395
5557,396
5558,113
5559,202
5560,223
5561,224
5562,163
5563,187
5564,186
5565,219
5566,225
5567,168
5568,185
5569,193
5570,400
5571,186
5572,224
5573,397
5574,409
5575,401
5576,157
5577,194
5578,398
5579,188
5580,402
5581,204
5582,205
5583,220
5584,222
5585,34
5586,203
5587,403
5588,204
5589,164
5590,187
5591,205
5592,404
5593,226
5594,140
5595,152
5596,206
5597,141
5598,187
5599,227
5600,169
5601,188
5602,32
5603,158
5604,204
5605,153
5606,225
5607,177
5608,399
5609,165
5610,410
5611,228
5612,223
5613,159
5614,205
5615,159
5616,154
5617,160
5618,206
5619,195
5620,411
5621,188
5622,155
5623,160
5624,405
5625,195
5626,226
5627,187
5628,406
5629,196
5630,161
5631,154
5632,407
5633,229
5634,227
5635,142
5636,155
5637,196
5638,125
5639,178
5640,34
5641,230
5642,189
5643,231
5644,207
5645,228
5646,114
5647,161
5648,143
5649,221
5650,229
5651,232
5652,408
5653,126
5654,166
5655,224
5656,189
5657,156
5658,167
5659,115
5660,197
5661,206
5662,207
5663,190
5664,179
5665,197
5666,230
5667,35
5668,225
5669,162
5670,409
5671,208
5672,163
5673,168
5674,188
5675,144
5676,189
5677,208
5678,207
5679,180
5680,231
5681,410
5682,209
5683,209
5684,210
5685,33
5686,412
5687,35
5688,210
5689,233
5690,400
5691,189
5692,222
5693,401
5694,164
5695,156
5696,181
5697,190
5698,157
5699,145
5700,411
5701,191
5702,211
5703,211
5704,191
5705,158
5706,226
5707,127
5708,234
5709,128
5710,192
5711,113
5712,193
5713,402
5714,165
5715,182
5716,34
5717,198
5718,403
5719,157
5720,212
5721,404
5722,413
5723,208
5724,412
5725,413
5726,213
5727,194
5728,192
5729,116
5730,129
5731,183
5732,162
5733,184
5734,223
5735,414
5736,414
5737,415
5738,130
5739,199
5740,114
5741,416
5742,131
5743,417
5744,185
5745,198
5746,166
5747,199
5748,158
5749,195
5750,190
5751,209
5752,418
5753,405
5754,159
5755,415
5756,406
5757,170
5758,419
5759,200
5760,146
5761,186
5762,190
5763,169
5764,420
5765,227
5766,212
5767,210
5768,224
5769,213
5770,159
5771,115
5772,232
5773,235
5774,236
5775,225
5776,214
5777,36
5778,160
5779,187
5780,163
5781,416
5782,226
5783,170
5784,228
5785,407
5786,132
5787,408
5788,167
5789,164
5790,200
5791,409
5792,237
5793,229
5794,421
5795,171
5796,201
5797,233
5798,422
5799,191
5800,214
5801,211
5802,160
5803,234
5804,161
5805,35
5806,171
5807,235
5808,423
5809,417
5810,215
5811,193
5812,410
5813,236
5814,424
5815,192
5816,161
5817,168
5818,237
5819,411
5820,196
5821,162
5822,418
5823,201
5824,238
5825,202
5826,37
5827,419
5828,420
5829,215
5830,162
5831,38
5832,216
5833,212
5834,421
5835,216
5836,217
5837,165
5838,213
5839,197
5840,169
5841,422
5842,412
5843,170
5844,230
5845,133
5846,116
5847,425
5848,202
5849,203
5850,423
5851,426
5852,214
5853,117
5854,227
5855,39
5856,231
5857,188
5858,172
5859,232
5860,218
5861,166
5862,173
5863,424
5864,427
5865,163
5866,191
5867,194
5868,189
5869,193
5870,174
5871,228
5872,215
5873,217
5874,239
5875,216
5876,204
5877,175
5878,425
5879,240
5880,117
5881,413
5882,241
5883,205
5884,233
5885,229
5886,230
5887,414
5888,231
5889,428
5890,217
5891,176
5892,198
5893,232
5894,426
5895,238
5896,242
5897,172
5898,194
5899,234
5900,415
5901,235
5902,195
5903,206
5904,134
5905,416
5906,218
5907,177
5908,233
5909,171
5910,173
5911,199
5912,203
5913,167
5914,243
5915,174
5916,244
5917,427
5918,178
5919,135
5920,219
5921,429
5922,164
5923,417
5924,196
5925,239
5926,240
5927,220
5928,118
5929,418
5930,179
5931,430
5932,200
5933,218
5934,190
5935,431
5936,180
5937,219
5938,172
5939,419
5940,432
5941,221
5942,119
5943,420
5944,197
5945,219
5946,173
5947,136
5948,220
5949,220
5950,191
5951,201
5952,241
5953,433
5954,137
5955,168
5956,204
5957,198
5958,207
5959,202
5960,138
5961,421
5962,422
5963,192
5964,199
5965,208
5966,428
5967,221
5968,423
5969,192
5970,242
5971,429
5972,163
5973,203
5974,430
5975,434
5976,200
5977,201
5978,243
5979,221
5980,174
5981,424
5982,193
5983,205
5984,164
5985,209
5986,244
5987,193
5988,222
5989,118
5990,425
5991,194
5992,435
5993,436
5994,245
5995,222
5996,223
5997,431
5998,194
5999,222
6000,36
6001,195
6002,120
6003,169
6004,206
6005,426
6006,223
6007,236
6008,210
6009,427
6010,223
6011,196
6012,234
6013,207
6014,432
6015,437
6016,433
6017,434
6018,165
6019,435
6020,245
6021,224
6022,246
6023,436
6024,438
6025,181
6026,225
6027,224
6028,437
6029,166
6030,121
6031,40
6032,225
6033,246
6034,237
6035,439
6036,195
6037,226
6038,182
6039,175
6040,208
6041,197
6042,238
6043,428
6044,176
6045,224
6046,239
6047,175
6048,177
6049,235
6050,183
6051,429
6052,147
6053,209
6054,440
6055,438
6056,441
6057,36
6058,139
6059,204
6060,236
6061,122
6062,196
6063,210
6064,119
6065,140
6066,198
6067,225
6068,184
6069,211
6070,123
6071,240
6072,227
6073,185
6074,167
6075,430
6076,178
6077,124
6078,442
6079,199
6080,141
6081,125
6082,247
6083,247
6084,248
6085,168
6086,197
6087,248
6088,226
6089,200
6090,179
6091,165
6092,180
6093,443
6094,237
6095,249
6096,201
6097,195
6098,176
6099,181
6100,431
6101,169
6102,177
6103,166
6104,226
6105,444
6106,148
6107,202
6108,227
6109,445
6110,212
6111,126
6112,127
6113,439
6114,238
6115,440
6116,441
6117,442
6118,446
6119,203
6120,142
6121,204
6122,443
6123,211
6124,447
6125,212
6126,213
6127,444
6128,120
6129,178
6130,432
6131,170
6132,214
6133,215
6134,239
6135,205
6136,433
6137,241
6138,240
6139,196
6140,205
6141,448
6142,228
6143,228
6144,242
6145,186
6146,198
6147,445
6148,143
6149,446
6150,434
6151,182
6152,206
6153,202
6154,167
6155,121
6156,229
6157,229
6158,197
6159,216
6160,171
6161,183
6162,172
6163,249
6164,435
6165,241
6166,213
6167,217
6168,227
6169,198
6170,122
6171,199
6172,203
6173,170
6174,179
6175,250
6176,228
6177,242
6178,180
6179,218
6180,214
6181,181
6182,37
6183,144
6184,250
6185,243
6186,449
6187,200
6188,199
6189,450
6190,447
6191,230
6192,451
6193,201
6194,436
6195,452
6196,202
6197,145
6198,453
6199,207
6200,229
6201,437
6202,171
6203,128
6204,438
6205,231
6206,454
6207,243
6208,244
6209,251
6210,230
6211,244
6212,200
6213,251
6214,146
6215,129
6216,215
6217,203
6218,204
6219,204
6220,455
6221,208
6222,232
6223,182
6224,206
6225,230
6226,245
6227,246
6228,439
6229,184
6230,209
6231,456
6232,173
6233,457
6234,458
6235,219
6236,448
6237,205
6238,247
6239,233
6240,449
6241,205
6242,248
6243,459
6244,231
6245,440
6246,149
6247,232
6248,441
6249,252
6250,168
6251,442
6252,253
6253,207
6254,249
6255,150
6256,443
6257,38
6258,123
6259,254
6260,151
6261,152
6262,153
6263,460
6264,234
6265,201
6266,235
6267,461
6268,444
6269,231
6270,450
6271,206
6272,174
6273,252
6274,232
6275,462
6276,220
6277,185
6278,463
6279,172
6280,173
6281,147
6282,245
6283,183
6284,233
6285,246
6286,253
6287,250
6288,464
6289,445
6290,184
6291,174
6292,175
6293,233
6294,187
6295,465
6296,210
6297,451
6298,211
6299,206
6300,186
6301,212
6302,207
6303,234
6304,221
6305,130
6306,234
6307,208
6308,452
6309,188
6310,187
6311,251
6312,446
6313,148
6314,247
6315,189
6316,209
6317,202
6318,188
6319,124
6320,453
6321,454
6322,190
6323,235
6324,216
6325,176
6326,455
6327,248
6328,203
6329,125
6330,236
6331,222
6332,236
6333,154
6334,213
6335,208
6336,210
6337,235
6338,223
6339,41
6340,255
6341,217
6342,447
6343,224
6344,131
6345,254
6346,209
6347,237
6348,237
6349,204
6350,211
6351,212
6352,225
6353,448
6354,177
6355,466
6356,238
6357,169
6358,185
6359,456
6360,170
6361,255
6362,239
6363,256
6364,210
6365,155
6366,189
6367,449
6368,191
6369,149
6370,156
6371,205
6372,236
6373,457
6374,206
6375,467
6376,257
6377,256
6378,213
6379,258
6380,157
6381,458
6382,150
6383,238
6384,450
6385,451
6386,459
6387,214
6388,214
6389,207
6390,186
6391,240
6392,257
6393,237
6394,460
6395,171
6396,158
6397,241
6398,242
6399,259
6400,238
6401,243
6402,215
6403,249
6404,226
6405,215
6406,244
6407,252
6408,250
6409,190
6410,452
6411,151
6412,239
6413,208
6414,42
6415,461
6416,187
6417,188
6418,209
6419,192
6420,132
6421,245
6422,258
6423,453
6424,216
6425,133
6426,175
6427,217
6428,189
6429,134
6430,239
6431,454
6432,43
6433,207
6434,468
6435,462
6436,251
6437,253
6438,159
6439,193
6440,240
6441,455
6442,260
6443,259
6444,463
6445,469
6446,456
6447,457
6448,218
6449,152
6450,458
6451,261
6452,219
6453,135
6454,176
6455,262
6456,470
6457,459
6458,254
6459,260
6460,240
6461,460
6462,241
6463,194
6464,126
6465,136
6466,191
6467,190
6468,241
6469,261
6470,172
6471,242
6472,208
6473,471
6474,211
6475,195
6476,153
6477,137
6478,178
6479,160
6480,472
6481,461
6482,255
6483,263
6484,462
6485,218
6486,212
6487,463
6488,227
6489,216
6490,256
6491,243
6492,37
6493,242
6494,217
6495,179
6496,180
6497,177
6498,218
6499,244
6500,473
6501,262
6502,263
6503,243
6504,154
6505,244
6506,192
6507,257
6508,228
6509,474
6510,475
6511,476
6512,38
6513,220
6514,229
6515,464
6516,196
6517,465
6518,209
6519,245
6520,39
6521,264
6522,161
6523,173
6524,466
6525,210
6526,127
6527,477
6528,464
6529,465
6530,155
6531,246
6532,210
6533,162
6534,178
6535,181
6536,467
6537,247
6538,211
6539,246
6540,252
6541,219
6542,230
6543,220
6544,478
6545,221
6546,182
6547,468
6548,469
6549,470
6550,213
6551,183
6552,265
6553,479
6554,245
6555,179
6556,466
6557,480
6558,184
6559,214
6560,467
6561,221
6562,471
6563,219
6564,44
6565,231
6566,247
6567,222
6568,468
6569,264
6570,248
6571,253
6572,212
6573,469
6574,246
6575,222
6576,232
6577,156
6578,266
6579,470
6580,481
6581,191
6582,267
6583,247
6584,482
6585,223
6586,174
6587,197
6588,472
6589,180
6590,193
6591,233
6592,248
6593,211
6594,223
6595,198
6596,471
6597,220
6598,224
6599,157
6600,221
6601,248
6602,268
6603,163
6604,164
6605,249
6606,212
6607,250
6608,258
6609,181
6610,225
6611,234
6612,254
6613,199
6614,224
6615,249
6616,175
6617,182
6618,192
6619,128
6620,265
6621,185
6622,483
6623,269
6624,250
6625,473
6626,251
6627,266
6628,222
6629,183
6630,165
6631,472
6632,138
6633,194
6634,139
6635,267
6636,268
6637,140
6638,141
6639,259
6640,252
6641,166
6642,176
6643,474
6644,226
6645,255
6646,225
6647,226
6648,186
6649,142
6650,167
6651,253
6652,484
6653,473
6654,269
6655,270
6656,223
6657,475
6658,39
6659,143
6660,144
6661,485
6662,168
6663,474
6664,271
6665,177
6666,158
6667,272
6668,251
6669,254
6670,255
6671,235
6672,213
6673,184
6674,486
6675,270
6676,227
6677,475
6678,252
6679,253
6680,476
6681,256
6682,213
6683,256
6684,477
6685,193
6686,271
6687,195
6688,224
6689,476
6690,477
6691,200
6692,145
6693,169
6694,236
6695,228
6696,478
6697,185
6698,237
6699,478
6700,479
6701,238
6702,480
6703,214
6704,487
6705,215
6706,201
6707,257
6708,187
6709,479
6710,481
6711,273
6712,488
6713,257
6714,227
6715,254
6716,45
6717,202
6718,46
6719,228
6720,186
6721,229
6722,216
6723,255
6724,480
6725,129
6726,489
6727,170
6728,482
6729,481
6730,217
6731,146
6732,483
6733,239
6734,260
6735,214
6736,230
6737,178
6738,159
6739,229
6740,258
6741,225
6742,215
6743,256
6744,216
6745,257
6746,249
6747,274
6748,230
6749,226
6750,272
6751,275
6752,484
6753,258
6754,227
6755,482
6756,485
6757,261
6758,240
6759,40
6760,217
6761,486
6762,228
6763,194
6764,171
6765,215
6766,273
6767,130
6768,172
6769,179
6770,259
6771,487
6772,131
6773,188
6774,147
6775,218
6776,241
6777,180
6778,490
6779,181
6780,219
6781,218
6782,231
6783,189
6784,242
6785,229
6786,132
6787,483
6788,262
6789,276
6790,263
6791,195
6792,196
6793,232
6794,484
6795,277
6796,485
6797,488
6798,489
6799,133
6800,490
6801,134
6802,486
6803,231
6804,173
6805,230
6806,231
6807,219
6808,487
6809,259
6810,216
6811,174
6812,175
6813,491
6814,148
6815,250
6816,488
6817,220
6818,232
6819,196
6820,160
6821,489
6822,220
6823,217
6824,190
6825,218
6826,492
6827,490
6828,278
6829,260
6830,260
6831,243
6832,187
6833,182
6834,258
6835,251
6836,221
6837,493
6838,222
6839,494
6840,221
6841,232
6842,279
6843,259
6844,491
6845,222
6846,492
6847,223
6848,197
6849,280
6850,233
6851,219
6852,261
6853,197
6854,281
6855,224
6856,261
6857,198
6858,282
6859,495
6860,244
6861,223
6862,176
6863,245
6864,149
6865,496
6866,188
6867,252
6868,225
6869,493
6870,189
6871,262
6872,246
6873,198
6874,263
6875,41
6876,161
6877,226
6878,203
6879,497
6880,498
6881,204
6882,491
6883,247
6884,199
6885,283
6886,177
6887,200
6888,492
6889,264
6890,493
6891,260
6892,284
6893,233
6894,262
6895,233
6896,234
6897,234
6898,499
6899,248
6900,763
6901,135
6902,227
6903,220
6904,234
6905,494
6906,150
6907,235
6908,228
6909,495
6910,183
6911,261
6912,224
6913,764
6914,236
6915,765
6916,496
6917,221
6918,201
6919,264
6920,222
6921,225
6922,235
6923,223
6924,274
6925,766
6926,249
6927,136
6928,767
6929,275
6930,205
6931,184
6932,250
6933,206
6934,497
6935,190
6936,207
6937,268
6938,229
6939,265
6940,191
6941,285
6942,262
6943,192
6944,226
6945,498
6946,227
6947,269
6948,770
6949,263
6950,265
6951,230
6952,771
6953,266
6954,208
6955,499
6956,772
6957,224
6958,253
6959,42
6960,264
6961,286
6962,494
6963,766
6964,276
6965,251
6966,773
6967,287
6968,265
6969,774
6970,252
6971,236
6972,266
6973,275
6974,776
6975,193
6976,767
6977,162
6978,209
6979,277
6980,267
6981,194
6982,237
6983,228
6984,277
6985,768
6986,191
6987,237
6988,229
6989,238
6990,210
6991,778
6992,253
6993,779
6994,47
6995,780
6996,769
6997,211
6998,495
6999,192
7000,254
7001,239
7002,770
7003,254
7004,771
7005,195
7006,235
7007,236
7008,225
7009,238
7010,226
7011,230
7012,255
7013,178
7014,227
7015,212
7016,239
7017,228
7018,240
7019,281
7020,213
7021,255
7022,163
7023,241
7024,288
7025,137
7026,240
7027,242
7028,772
7029,214
7030,773
7031,774
7032,237
7033,238
7034,199
7035,243
7036,275
7037,185
7038,239
7039,267
7040,256
7041,278
7042,240
7043,289
7044,279
7045,290
7046,179
7047,776
7048,268
7049,202
7050,180
7051,215
7052,241
7053,256
7054,200
7055,244
7056,782
7057,268
7058,201
7059,277
7060,202
7061,783
7062,778
7063,784
7064,285
7065,40
7066,496
7067,779
7068,269
7069,780
7070,270
7071,216
7072,280
7073,245
7074,497
7075,196
7076,498
7077,229
7078,181
7079,291
7080,286
7081,499
7082,792
7083,182
7084,246
7085,231
7086,257
7087,247
7088,287
7089,138
7090,231
7091,788
7092,258
7093,257
7094,203
7095,789
7096,230
7097,290
7098,793
7099,294
7100,271
7101,272
7102,795
7103,248
7104,791
7105,281
7106,281
7107,292
7108,139
7109,186
7110,793
7111,197
7112,231
7113,232
7114,198
7115,204
7116,282
7117,140
7118,187
7119,232
7120,282
7121,273
7122,258
7123,283
7124,284
7125,796
7126,794
7127,164
7128,199
7129,233
7130,233
7131,217
7132,259
7133,218
7134,285
7135,283
7136,297
7137,284
7138,234
7139,269
7140,798
7141,235
7142,285
7143,299
7144,795
7145,200
7146,259
7147,203
7148,242
7149,151
7150,800
7151,188
7152,183
7153,243
7154,796
7155,286
7156,236
7157,297
7158,287
7159,798
7160,205
7161,141
7162,237
7163,238
7164,301
7165,206
7166,799
7167,201
7168,152
7169,189
7170,270
7171,288
7172,300
7173,789
7174,219
7175,232
7176,244
7177,271
7178,801
7179,260
7180,274
7181,153
7182,290
7183,207
7184,275
7185,791
7186,272
7187,241
7188,292
7189,802
7190,48
7191,193
7192,233
7193,260
7194,802
7195,204
7196,165
7197,242
7198,154
7199,142
7200,303
7201,273
7202,303
7203,166
7204,274
7205,239
7206,190
7207,804
7208,184
7209,234
7210,249
7211,194
7212,261
7213,202
7214,235
7215,286
7216,287
7217,805
7218,167
7219,143
7220,804
7221,806
7222,236
7223,205
7224,805
7225,208
7226,243
7227,240
7228,203
7229,241
7230,245
7231,261
7232,307
7233,806
7234,242
7235,808
7236,809
7237,155
7238,243
7239,793
7240,294
7241,307
7242,49
7243,250
7244,204
7245,220
7246,295
7247,251
7248,310
7249,156
7250,311
7251,144
7252,276
7253,244
7254,308
7255,312
7256,309
7257,296
7258,195
7259,191
7260,209
7261,797
7262,277
7263,237
7264,278
7265,262
7266,263
7267,234
7268,275
7269,279
7270,145
7271,235
7272,50
7273,798
7274,236
7275,810
7276,41
7277,206
7278,813
7279,280
7280,299
7281,245
7282,814
7283,221
7284,315
7285,192
7286,238
7287,300
7288,244
7289,146
7290,245
7291,816
7292,246
7293,811
7294,205
7295,288
7296,812
7297,313
7298,314
7299,147
7300,815
7301,316
7302,185
7303,252
7304,817
7305,801
7306,246
7307,318
7308,262
7309,222
7310,246
7311,196
7312,206
7313,186
7314,817
7315,237
7316,319
7317,802
7318,264
7319,238
7320,276
7321,263
7322,289
7323,820
7324,197
7325,207
7326,187
7327,188
7328,207
7329,223
7330,303
7331,265
7332,210
7333,266
7334,208
7335,321
7336,247
7337,804
7338,267
7339,247
7340,305
7341,157
7342,51
7343,189
7344,158
7345,264
7346,239
7347,265
7348,198
7349,240
7350,268
7351,168
7352,822
7353,323
7354,211
7355,818
7356,819
7357,266
7358,248
7359,193
7360,306
7361,820
7362,807
7363,209
7364,159
7365,249
7366,277
7367,267
7368,248
7369,281
7370,824
7371,269
7372,208
7373,290
7374,239
7375,148
7376,821
7377,240
7378,822
7379,250
7380,308
7381,291
7382,809
7383,310
7384,251
7385,325
7386,823
7387,270
7388,247
7389,811
7390,812
7391,292
7392,826
7393,313
7394,212
7395,814
7396,293
7397,194
7398,248
7399,253
7400,315
7401,282
7402,209
7403,195
7404,252
7405,224
7406,283
7407,210
7408,316
7409,169
7410,278
7411,827
7412,817
7413,268
7414,828
7415,824
7416,211
7417,318
7418,241
7419,279
7420,825
7421,819
7422,253
7423,284
7424,225
7425,271
7426,320
7427,821
7428,829
7429,149
7430,254
7431,272
7432,826
7433,190
7434,254
7435,249
7436,269
7437,285
7438,170
7439,242
7440,171
7441,822
7442,330
7443,823
7444,831
7445,43
7446,273
7447,270
7448,196
7449,212
7450,255
7451,824
7452,825
7453,172
7454,832
7455,326
7456,250
7457,197
7458,327
7459,294
7460,249
7461,327
7462,833
7463,255
7464,173
7465,334
7466,256
7467,213
7468,160
7469,328
7470,257
7471,191
7472,280
7473,835
7474,214
7475,829
7476,243
7477,830
7478,215
7479,210
7480,831
7481,199
7482,328
7483,836
7484,332
7485,211
7486,333
7487,334
7488,198
7489,212
7490,837
7491,829
7492,258
7493,335
7494,213
7495,336
7496,338
7497,330
7498,837
7499,831
7500,286
7501,259
7502,251
7503,332
7504,839
7505,52
7506,340
7507,199
7508,838
7509,214
7510,250
7511,200
7512,341
7513,213
7514,200
7515,260
7516,287
7517,333
7518,834
7519,226
7520,251
7521,201
7522,271
7523,274
7524,288
7525,839
7526,214
7527,241
7528,281
7529,201
7530,261
7531,161
7532,215
7533,840
7534,335
7535,842
7536,295
7537,216
7538,272
7539,296
7540,341
7541,252
7542,842
7543,192
7544,843
7545,844
7546,244
7547,843
7548,216
7549,336
7550,242
7551,150
7552,193
7553,275
7554,217
7555,837
7556,256
7557,215
7558,345
7559,53
7560,202
7561,289
7562,262
7563,162
7564,338
7565,253
7566,844
7567,345
7568,263
7569,227
7570,254
7571,273
7572,245
7573,297
7574,282
7575,839
7576,290
7577,264
7578,174
7579,163
7580,298
7581,840
7582,841
7583,846
7584,291
7585,846
7586,274
7587,202
7588,217
7589,347
7590,347
7591,265
7592,348
7593,849
7594,350
7595,299
7596,848
7597,849
7598,255
7599,851
7600,300
7601,292
7602,266
7603,228
7604,203
7605,850
7606,218
7607,194
7608,175
7609,352
7610,301
7611,256
7612,851
7613,151
7614,267
7615,203
7616,853
7617,293
7618,204
7619,176
7620,842
7621,852
7622,257
7623,246
7624,843
7625,275
7626,195
7627,354
7628,247
7629,844
7630,853
7631,302
7632,354
7633,845
7634,846
7635,355
7636,855
7637,283
7638,42
7639,218
7640,248
7641,276
7642,847
7643,348
7644,284
7645,356
7646,857
7647,43
7648,303
7649,276
7650,229
7651,204
7652,294
7653,205
7654,243
7655,216
7656,277
7657,206
7658,285
7659,230
7660,849
7661,295
7662,205
7663,296
7664,249
7665,286
7666,252
7667,287
7668,257
7669,297
7670,356
7671,278
7672,358
7673,357
7674,358
7675,277
7676,219
7677,279
7678,859
7679,304
7680,220
7681,164
7682,280
7683,360
7684,850
7685,258
7686,206
7687,278
7688,861
7689,359
7690,219
7691,207
7692,253
7693,208
7694,351
7695,207
7696,352
7697,244
7698,245
7699,362
7700,279
7701,298
7702,258
7703,196
7704,221
7705,220
7706,209
7707,259
7708,305
7709,863
7710,259
7711,364
7712,865
7713,250
7714,366
7715,853
7716,210
7717,280
7718,254
7719,221
7720,367
7721,868
7722,251
7723,152
7724,153
7725,217
7726,869
7727,260
7728,261
7729,260
7730,281
7731,246
7732,860
7733,281
7734,282
7735,247
7736,262
7737,861
7738,222
7739,165
7740,268
7741,269
7742,282
7743,222
7744,231
7745,270
7746,44
7747,283
7748,370
7749,211
7750,208
7751,862
7752,252
7753,371
7754,209
7755,232
7756,263
7757,299
7758,363
7759,284
7760,872
7761,854
7762,253
7763,261
7764,255
7765,855
7766,306
7767,210
7768,856
7769,857
7770,44
7771,858
7772,873
7773,248
7774,874
7775,864
7776,233
7777,359
7778,875
7779,876
7780,300
7781,211
7782,301
7783,365
7784,154
7785,218
7786,249
7787,254
7788,877
7789,197
7790,866
7791,307
7792,255
7793,288
7794,878
7795,379
7796,223
7797,262
7798,212
7799,256
7800,380
7801,213
7802,881
7803,224
7804,234
7805,256
7806,235
7807,360
7808,882
7809,225
7810,271
7811,236
7812,257
7813,264
7814,250
7815,302
7816,166
7817,283
7818,223
7819,383
7820,224
7821,251
7822,867
7823,257
7824,303
7825,861
7826,384
7827,289
7828,868
7829,252
7830,862
7831,226
7832,258
7833,863
7834,225
7835,290
7836,253
7837,226
7838,237
7839,263
7840,167
7841,258
7842,254
7843,259
7844,227
7845,369
7846,864
7847,885
7848,304
7849,177
7850,865
7851,54
7852,255
7853,168
7854,870
7855,366
7856,871
7857,219
7858,272
7859,305
7860,220
7861,386
7862,55
7863,155
7864,273
7865,308
7866,367
7867,156
7868,264
7869,868
7870,265
7871,274
7872,275
7873,260
7874,259
7875,266
7876,214
7877,227
7878,261
7879,869
7880,256
7881,262
7882,257
7883,870
7884,284
7885,291
7886,215
7887,228
7888,871
7889,216
7890,872
7891,238
7892,56
7893,169
7894,276
7895,306
7896,285
7897,887
7898,888
7899,229
7900,372
7901,260
7902,212
7903,873
7904,258
7905,217
7906,259
7907,239
7908,286
7909,267
7910,178
7911,157
7912,213
7913,277
7914,228
7915,874
7916,268
7917,373
7918,214
7919,278
7920,230
7921,292
7922,240
7923,231
7924,241
7925,889
7926,198
7927,390
7928,891
7929,287
7930,229
7931,215
7932,45
7933,875
7934,216
7935,218
7936,199
7937,158
7938,874
7939,876
7940,392
7941,261
7942,288
7943,269
7944,217
7945,218
7946,260
7947,263
7948,893
7949,394
7950,285
7951,895
7952,221
7953,293
7954,377
7955,230
7956,307
7957,159
7958,279
7959,396
7960,308
7961,200
7962,878
7963,262
7964,309
7965,264
7966,280
7967,879
7968,875
7969,170
7970,265
7971,876
7972,179
7973,880
7974,160
7975,222
7976,381
7977,219
7978,171
7979,232
7980,897
7981,242
7982,263
7983,377
7984,882
7985,286
7986,220
7987,266
7988,287
7989,878
7990,243
7991,270
7992,879
7993,883
7994,267
7995,201
7996,384
7997,385
7998,265
7999,386
8000,387
8001,244
8002,268
8003,269
8004,231
8005,880
8006,881
8007,221
8008,266
8009,219
8010,232
8011,288
8012,289
8013,289
8014,294
8015,57
8016,264
8017,161
8018,267
8019,295
8020,290
8021,180
8022,222
8023,398
8024,388
8025,889
8026,291
8027,245
8028,890
8029,270
8030,391
8031,882
8032,265
8033,162
8034,309
8035,261
8036,292
8037,223
8038,290
8039,399
8040,293
8041,892
8042,268
8043,294
8044,271
8045,893
8046,233
8047,181
8048,894
8049,234
8050,400
8051,296
8052,281
8053,895
8054,396
8055,295
8056,45
8057,383
8058,163
8059,310
8060,172
8061,262
8062,235
8063,272
8064,401
8065,291
8066,182
8067,296
8068,224
8069,897
8070,225
8071,311
8072,384
8073,263
8074,202
8075,292
8076,173
8077,398
8078,385
8079,223
8080,266
8081,226
8082,46
8083,58
8084,293
8085,297
8086,294
8087,310
8088,402
8089,312
8090,246
8091,403
8092,203
8093,247
8094,886
8095,313
8096,164
8097,271
8098,220
8099,248
8100,273
8101,297
8102,298
8103,267
8104,268
8105,904
8106,221
8107,299
8108,298
8109,387
8110,222
8111,236
8112,46
8113,405
8114,906
8115,407
8116,300
8117,269
8118,272
8119,899
8120,314
8121,301
8122,237
8123,282
8124,227
8125,900
8126,299
8127,315
8128,311
8129,274
8130,908
8131,312
8132,224
8133,901
8134,233
8135,234
8136,888
8137,235
8138,302
8139,402
8140,228
8141,909
8142,275
8143,270
8144,273
8145,174
8146,316
8147,295
8148,300
8149,229
8150,271
8151,301
8152,236
8153,283
8154,910
8155,403
8156,889
8157,904
8158,272
8159,223
8160,905
8161,911
8162,303
8163,296
8164,284
8165,302
8166,285
8167,238
8168,264
8169,390
8170,274
8171,412
8172,237
8173,183
8174,304
8175,406
8176,276
8177,413
8178,907
8179,891
8180,165
8181,47
8182,273
8183,249
8184,297
8185,414
8186,277
8187,265
8188,313
8189,908
8190,266
8191,48
8192,230
8193,231
8194,909
8195,892
8196,915
8197,416
8198,250
8199,204
8200,393
8201,394
8202,286
8203,224
8204,305
8205,306
8206,307
8207,395
8208,225
8209,308
8210,298
8211,917
8212,205
8213,918
8214,919
8215,896
8216,420
8217,274
8218,232
8219,275
8220,921
8221,269
8222,317
8223,287
8224,897
8225,175
8226,288
8227,898
8228,233
8229,234
8230,278
8231,225
8232,922
8233,899
8234,251
8235,289
8236,309
8237,318
8238,900
8239,401
8240,166
8241,252
8242,276
8243,226
8244,277
8245,290
8246,310
8247,270
8248,303
8249,235
8250,902
8251,314
8252,176
8253,903
8254,904
8255,410
8256,226
8257,315
8258,423
8259,238
8260,253
8261,278
8262,299
8263,924
8264,184
8265,925
8266,227
8267,304
8268,426
8269,311
8270,927
8271,49
8272,279
8273,280
8274,905
8275,300
8276,239
8277,928
8278,411
8279,906
8280,912
8281,316
8282,929
8283,301
8284,275
8285,413
8286,414
8287,236
8288,254
8289,305
8290,240
8291,267
8292,930
8293,915
8294,279
8295,281
8296,931
8297,276
8298,228
8299,932
8300,312
8301,933
8302,416
8303,271
8304,177
8305,434
8306,319
8307,313
8308,282
8309,314
8310,206
8311,935
8312,255
8313,227
8314,917
8315,272
8316,315
8317,277
8318,268
8319,302
8320,918
8321,919
8322,907
8323,420
8324,228
8325,280
8326,283
8327,281
8328,436
8329,282
8330,937
8331,273
8332,921
8333,317
8334,318
8335,178
8336,922
8337,283
8338,278
8339,938
8340,274
8341,923
8342,319
8343,439
8344,424
8345,284
8346,275
8347,408
8348,925
8349,926
8350,285
8351,940
8352,303
8353,284
8354,229
8355,441
8356,409
8357,230
8358,927
8359,928
8360,320
8361,929
8362,279
8363,410
8364,442
8365,943
8366,231
8367,232
8368,239
8369,241
8370,430
8371,320
8372,431
8373,50
8374,269
8375,276
8376,306
8377,321
8378,51
8379,307
8380,322
8381,229
8382,240
8383,321
8384,308
8385,323
8386,207
8387,432
8388,911
8389,286
8390,285
8391,933
8392,412
8393,286
8394,913
8395,230
8396,316
8397,304
8398,914
8399,305
8400,241
8401,915
8402,934
8403,435
8404,936
8405,944
8406,270
8407,416
8408,917
8409,277
8410,231
8411,287
8412,945
8413,918
8414,278
8415,937
8416,938
8417,439
8418,288
8419,52
8420,233
8421,179
8422,322
8423,59
8424,279
8425,440
8426,280
8427,237
8428,242
8429,243
8430,419
8431,238
8432,941
8433,942
8434,317
8435,287
8436,943
8437,281
8438,420
8439,239
8440,309
8441,282
8442,283
8443,47
8444,323
8445,324
8446,48
8447,256
8448,232
8449,946
8450,921
8451,288
8452,318
8453,944
8454,289
8455,167
8456,325
8457,244
8458,326
8459,422
8460,423
8461,185
8462,947
8463,271
8464,924
8465,448
8466,272
8467,327
8468,180
8469,280
8470,328
8471,945
8472,240
8473,946
8474,49
8475,447
8476,448
8477,168
8478,290
8479,291
8480,449
8481,319
8482,245
8483,949
8484,169
8485,292
8486,257
8487,281
8488,329
8489,234
8490,450
8491,925
8492,293
8493,451
8494,235
8495,284
8496,285
8497,258
8498,452
8499,324
8500,286
8501,282
8502,50
8503,953
8504,926
8505,454
8506,294
8507,310
8508,291
8509,170
8510,927
8511,320
8512,242
8513,171
8514,241
8515,283
8516,259
8517,455
8518,306
8519,287
8520,246
8521,956
8522,450
8523,288
8524,951
8525,273
8526,51
8527,952
8528,208
8529,307
8530,186
8531,957
8532,928
8533,236
8534,289
8535,325
8536,290
8537,237
8538,291
8539,326
8540,327
8541,929
8542,930
8543,931
8544,289
8545,958
8546,321
8547,242
8548,953
8549,959
8550,260
8551,60
8552,954
8553,261
8554,932
8555,460
8556,295
8557,243
8558,238
8559,461
8560,455
8561,172
8562,290
8563,274
8564,181
8565,296
8566,962
8567,933
8568,434
8569,244
8570,328
8571,292
8572,322
8573,463
8574,275
8575,53
8576,182
8577,291
8578,297
8579,187
8580,323
8581,298
8582,935
8583,456
8584,243
8585,293
8586,457
8587,247
8588,209
8589,308
8590,958
8591,54
8592,239
8593,284
8594,188
8595,276
8596,210
8597,459
8598,460
8599,292
8600,311
8601,248
8602,211
8603,436
8604,464
8605,240
8606,465
8607,285
8608,61
8609,937
8610,241
8611,244
8612,466
8613,309
8614,938
8615,277
8616,967
8617,245
8618,293
8619,292
8620,245
8621,212
8622,52
8623,968
8624,262
8625,939
8626,440
8627,310
8628,242
8629,329
8630,330
8631,969
8632,299
8633,331
8634,970
8635,300
8636,173
8637,301
8638,278
8639,293
8640,961
8641,941
8642,442
8643,213
8644,174
8645,246
8646,263
8647,943
8648,330
8649,214
8650,312
8651,944
8652,471
8653,962
8654,243
8655,183
8656,972
8657,279
8658,294
8659,302
8660,233
8661,53
8662,445
8663,264
8664,244
8665,963
8666,946
8667,303
8668,286
8669,324
8670,964
8671,246
8672,184
8673,973
8674,965
8675,313
8676,966
8677,332
8678,947
8679,189
8680,287
8681,215
8682,185
8683,280
8684,474
8685,234
8686,249
8687,467
8688,975
8689,295
8690,247
8691,235
8692,304
8693,333
8694,294
8695,331
8696,296
8697,976
8698,247
8699,295
8700,977
8701,325
8702,294
8703,305
8704,295
8705,448
8706,334
8707,265
8708,468
8709,297
8710,969
8711,306
8712,470
8713,478
8714,471
8715,979
8716,949
8717,245
8718,450
8719,480
8720,250
8721,972
8722,973
8723,974
8724,975
8725,981
8726,476
8727,62
8728,248
8729,266
8730,477
8731,978
8732,451
8733,281
8734,326
8735,296
8736,327
8737,979
8738,311
8739,282
8740,452
8741,186
8742,980
8743,216
8744,297
8745,248
8746,982
8747,314
8748,453
8749,312
8750,454
8751,54
8752,315
8753,313
8754,981
8755,307
8756,236
8757,983
8758,249
8759,251
8760,190
8761,298
8762,252
8763,267
8764,217
8765,332
8766,296
8767,455
8768,982
8769,335
8770,483
8771,175
8772,316
8773,246
8774,984
8775,299
8776,191
8777,984
8778,328
8779,985
8780,250
8781,247
8782,986
8783,329
8784,487
8785,317
8786,985
8787,237
8788,251
8789,238
8790,283
8791,55
8792,239
8793,253
8794,308
8795,336
8796,240
8797,241
8798,56
8799,249
8800,298
8801,284
8802,986
8803,988
8804,489
8805,309
8806,242
8807,297
8808,333
8809,990
8810,310
8811,987
8812,318
8813,176
8814,319
8815,334
8816,320
8817,335
8818,336
8819,988
8820,298
8821,285
8822,989
8823,187
8824,286
8825,218
8826,314
8827,456
8828,337
8829,254
8830,192
8831,288
8832,250
8833,251
8834,337
8835,255
8836,490
8837,256
8838,300
8839,252
8840,957
8841,491
8842,492
8843,991
8844,287
8845,958
8846,992
8847,299
8848,248
8849,252
8850,993
8851,243
8852,994
8853,288
8854,959
8855,300
8856,960
8857,493
8858,994
8859,495
8860,253
8861,219
8862,315
8863,257
8864,338
8865,961
8866,253
8867,462
8868,188
8869,495
8870,330
8871,258
8872,189
8873,193
8874,254
8875,299
8876,496
8877,259
8878,63
8879,316
8880,289
8881,339
8882,331
8883,321
8884,300
8885,289
8886,311
8887,463
8888,312
8889,996
8890,249
8891,997
8892,260
8893,220
8894,997
8895,498
8896,261
8897,498
8898,301
8899,340
8900,999
8901,254
8902,290
8903,1332
8904,1333
8905,268
8906,313
8907,255
8908,301
8909,317
8910,999
8911,302
8912,55
8913,1303
8914,291
8915,334
8916,256
8917,255
8918,464
8919,221
8920,257
8921,256
8922,269
8923,965
8924,341
8925,835
8926,336
8927,966
8928,1337
8929,250
8930,1304
8931,322
8932,967
8933,1338
8934,968
8935,805
8936,222
8937,318
8938,301
8939,839
8940,64
8941,323
8942,270
8943,292
8944,840
8945,469
8946,244
8947,251
8948,306
8949,271
8950,970
8951,1307
8952,319
8953,971
8954,1341
8955,1342
8956,308
8957,190
8958,843
8959,177
8960,324
8961,262
8962,263
8963,302
8964,272
8965,320
8966,325
8967,844
8968,972
8969,252
8970,342
8971,809
8972,326
8973,1345
8974,321
8975,327
8976,810
8977,191
8978,1346
8979,338
8980,343
8981,847
8982,973
8983,258
8984,303
8985,257
8986,314
8987,259
8988,328
8989,344
8990,192
8991,811
8992,304
8993,194
8994,812
8995,848
8996,474
8997,65
8998,345
8999,313
9000,346
9001,814
9002,475
9003,1349
9004,322
9005,305
9006,815
9007,976
9008,1350
9009,977
9010,245
9011,816
9012,290
9013,339
9014,478
9015,195
9016,1317
9017,351
9018,1352
9019,273
9020,347
9021,293
9022,323
9023,329
9024,294
9025,246
9026,260
9027,291
9028,479
9029,353
9030,247
9031,980
9032,348
9033,1318
9034,1354
9035,56
9036,1355
9037,981
9038,349
9039,482
9040,819
9041,356
9042,248
9043,483
9044,984
9045,302
9046,1320
9047,223
9048,350
9049,485
9050,295
9051,224
9052,264
9053,296
9054,193
9055,1321
9056,486
9057,357
9058,225
9059,178
9060,258
9061,358
9062,196
9063,303
9064,261
9065,179
9066,306
9067,324
9068,297
9069,304
9070,259
9071,315
9072,307
9073,265
9074,226
9075,298
9076,822
9077,823
9078,316
9079,330
9080,308
9081,1324
9082,57
9083,249
9084,987
9085,1325
9086,305
9087,227
9088,988
9089,826
9090,197
9091,340
9092,331
9093,180
9094,859
9095,262
9096,266
9097,306
9098,181
9099,299
9100,327
9101,317
9102,360
9103,328
9104,253
9105,307
9106,318
9107,1329
9108,198
9109,274
9110,361
9111,325
9112,300
9113,292
9114,182
9115,1362
9116,326
9117,1363
9118,319
9119,332
9120,267
9121,183
9122,275
9123,260
9124,1364
9125,309
9126,830
9127,301
9128,302
9129,989
9130,1365
9131,276
9132,866
9133,990
9134,351
9135,1367
9136,184
9137,327
9138,1368
9139,250
9140,185
9141,341
9142,194
9143,1369
9144,333
9145,331
9146,254
9147,1332
9148,991
9149,58
9150,1333
9151,303
9152,308
9153,342
9154,261
9155,293
9156,492
9157,993
9158,320
9159,994
9160,495
9161,334
9162,1335
9163,310
9164,836
9165,199
9166,352
9167,200
9168,496
9169,1337
9170,334
9171,497
9172,311
9173,312
9174,1338
9175,1370
9176,328
9177,263
9178,1371
9179,268
9180,498
9181,255
9182,329
9183,186
9184,251
9185,839
9186,195
9187,196
9188,372
9189,256
9190,1340
9191,341
9192,309
9193,842
9194,304
9195,1343
9196,294
9197,257
9198,1344
9199,197
9200,310
9201,335
9202,201
9203,330
9204,311
9205,277
9206,1373
9207,1345
9208,1374
9209,999
9210,312
9211,321
9212,59
9213,875
9214,278
9215,836
9216,353
9217,876
9218,343
9219,1377
9220,1378
9221,879
9222,880
9223,1381
9224,258
9225,354
9226,322
9227,187
9228,262
9229,313
9230,295
9231,296
9232,337
9233,279
9234,198
9235,305
9236,1382
9237,202
9238,1346
9239,383
9240,1384
9241,331
9242,847
9243,838
9244,344
9245,203
9246,280
9247,259
9248,1348
9249,849
9250,297
9251,332
9252,260
9253,228
9254,60
9255,850
9256,333
9257,263
9258,66
9259,264
9260,355
9261,1339
9262,281
9263,356
9264,306
9265,851
9266,229
9267,298
9268,885
9269,386
9270,357
9271,358
9272,323
9273,1387
9274,340
9275,324
9276,359
9277,334
9278,841
9279,264
9280,282
9281,335
9282,252
9283,283
9284,852
9285,1353
9286,345
9287,199
9288,200
9289,325
9290,326
9291,269
9292,327
9293,1354
9294,253
9295,328
9296,67
9297,1342
9298,843
9299,188
9300,1344
9301,265
9302,336
9303,337
9304,1345
9305,329
9306,230
9307,346
9308,270
9309,347
9310,360
9311,265
9312,231
9313,848
9314,1388
9315,1349
9316,1389
9317,338
9318,339
9319,340
9320,261
9321,271
9322,890
9323,204
9324,201
9325,299
9326,1355
9327,1350
9328,272
9329,1391
9330,68
9331,356
9332,307
9333,341
9334,266
9335,308
9336,57
9337,267
9338,205
9339,268
9340,857
9341,1351
9342,330
9343,1352
9344,313
9345,1392
9346,393
9347,331
9348,361
9349,332
9350,858
9351,269
9352,202
9353,362
9354,1394
9355,1359
9356,58
9357,1395
9358,1396
9359,309
9360,300
9361,353
9362,262
9363,360
9364,273
9365,363
9366,314
9367,254
9368,897
9369,346
9370,1354
9371,1355
9372,342
9373,284
9374,856
9375,1361
9376,203
9377,301
9378,206
9379,362
9380,357
9381,285
9382,286
9383,863
9384,398
9385,864
9386,302
9387,364
9388,314
9389,1358
9390,232
9391,899
9392,233
9393,1365
9394,366
9395,859
9396,900
9397,204
93